[1] 26562     6
[1] TRUE
[1] 26562     5
(NM) 20: f = 98594.5 at          0  0.0967478  0.0807178   0.884517 0.00749551 -0.0249432   0.144704  0.0959596  0.0407764  0.0861778  0.0572809  0.0398485  0.0168496  0.0166559  0.0292898   0.105258
(NM) 40: f = 98594.4 at 0.00018211  0.0972948  0.0812156    0.87928 0.00866982 -0.0237666    0.14587  0.0971282  0.0419484  0.0873469  0.0584519  0.0410207  0.0180232   0.017876  0.0306866   0.105495
(NM) 60: f = 98594.4 at 0.00018211  0.0972948  0.0812156    0.87928 0.00866982 -0.0237666    0.14587  0.0971282  0.0419484  0.0873469  0.0584519  0.0410207  0.0180232   0.017876  0.0306866   0.105495
(NM) 80: f = 98594.4 at 0.000124259  0.0967543  0.0804496   0.880466 0.00747197 -0.0244428   0.145362  0.0960049  0.0413404  0.0860642  0.0612478  0.0404457  0.0172265  0.0159608  0.0269513   0.105484
(NM) 100: f = 98594.4 at 0.000125326  0.0970647  0.0805813   0.880563  0.0074947 -0.0239516    0.14507  0.0992487  0.0413839  0.0868392   0.057935  0.0402951   0.017024   0.016323  0.0264485   0.105289
(NM) 120: f = 98594.3 at 0.000109827  0.0968361  0.0807435   0.881057 0.00797259 -0.0245569   0.146341  0.0971756  0.0419825  0.0878234  0.0567081  0.0403566   0.017798  0.0156952  0.0271456   0.105447
(NM) 140: f = 98594.3 at 0.000118255  0.0969234  0.0806343   0.880773 0.00786657 -0.0242661   0.145404  0.0980684  0.0414701  0.0869987  0.0579508  0.0405219  0.0172387  0.0163138  0.0267718   0.105379
(NM) 160: f = 98594.3 at 0.000103667  0.0966754  0.0805209   0.881102 0.00796357 -0.0245628   0.145803  0.0968862  0.0415464  0.0871161  0.0580179   0.040561  0.0173571  0.0160808  0.0275401   0.105427
(NM) 180: f = 98594.3 at 0.000111163  0.0968864  0.0806641   0.881011 0.00850359 -0.0243514   0.145784  0.0968217  0.0415578  0.0869929    0.05796  0.0408406  0.0176071  0.0165323  0.0270987   0.105348
(NM) 200: f = 98594.3 at 0.00011564  0.0966954  0.0807468   0.880833 0.00820935 -0.0242829    0.14573  0.0967801  0.0417471  0.0870388   0.058209  0.0405956  0.0177558  0.0164103  0.0269547    0.10536
(NM) 220: f = 98594.3 at 0.000113951  0.0967486  0.0806833   0.880885 0.00826809 -0.0242369   0.145679  0.0968978  0.0416005  0.0867891  0.0581222  0.0405987  0.0178183  0.0166587   0.027446   0.105328
(NM) 240: f = 98594.3 at 0.000115595  0.0967888  0.0807323   0.880857 0.00835438 -0.0243347    0.14572  0.0969508  0.0416083  0.0869862  0.0579874   0.040706  0.0175488  0.0164467   0.027401   0.105337
(NM) 260: f = 98594.3 at 0.000112977  0.0967432  0.0807206   0.880908  0.0082179 -0.0242378   0.145723  0.0968192  0.0417388  0.0872206  0.0580581  0.0407043  0.0174602  0.0163087  0.0271809   0.105288
(NM) 280: f = 98594.3 at 0.000110987  0.0967139  0.0806944   0.880961 0.00821917 -0.0242583   0.145694  0.0968374  0.0415803  0.0870664  0.0580768    0.04058  0.0176607  0.0164452  0.0273281   0.105303
(NM) 300: f = 98594.3 at 0.000113028  0.0967493  0.0807134   0.880909 0.00836529 -0.0242869   0.145717  0.0969109  0.0414898  0.0870702  0.0581513  0.0406808   0.017543  0.0164273  0.0272141   0.105281
(NM) 320: f = 98594.3 at 0.000110928   0.096742  0.0807047   0.880967 0.00821791 -0.0242896   0.145701  0.0968629  0.0415988  0.0870933  0.0581326  0.0406276  0.0176383  0.0164041   0.027109   0.105275
(NM) 340: f = 98594.3 at 0.000110159  0.0967396  0.0807231   0.880993 0.00822083 -0.0243153   0.145683  0.0968566  0.0415423  0.0871496   0.058035  0.0406477  0.0175252  0.0163368  0.0270847   0.105291
(NM) 360: f = 98594.3 at 0.000110301  0.0967414  0.0807239    0.88099 0.00822868 -0.0243102   0.145684  0.0968543    0.04154  0.0871515  0.0580399  0.0406449  0.0175215  0.0163478  0.0270867    0.10529
(NM) 380: f = 98594.3 at 0.000110183  0.0967371  0.0807271   0.880992 0.00819055 -0.0242997   0.145658  0.0968534   0.041475  0.0870885  0.0580973  0.0406694  0.0175515  0.0163259  0.0271279   0.105286
(NM) 400: f = 98594.3 at    0.00011  0.0967511  0.0807307   0.881004 0.00816885 -0.0242909   0.145661  0.0968477  0.0414978  0.0871033  0.0581065  0.0405817  0.0175353  0.0163695   0.027152    0.10528
(NM) 420: f = 98594.3 at 0.000108128  0.0967495  0.0807163   0.881049 0.00800778 -0.0243198   0.145604  0.0968592  0.0414436  0.0870406  0.0581022  0.0405927  0.0175138  0.0163485  0.0272027   0.105265
(NM) 440: f = 98594.3 at 0.000108016  0.0967402  0.0807464   0.881053 0.00803612 -0.0243845   0.145622  0.0967515  0.0414303  0.0870457  0.0581443  0.0405434  0.0175199   0.016289  0.0270667   0.105269
(NM) 460: f = 98594.3 at 0.000103375  0.0967461  0.0807478   0.881178 0.00789438 -0.0244891   0.145543  0.0966507  0.0413472  0.0869038  0.0580436  0.0403828  0.0174679   0.016267  0.0269287   0.105263
(NM) 480: f = 98594.3 at 0.000100113   0.096747  0.0807571   0.881252 0.00780587 -0.0247341   0.145361  0.0965077  0.0411382  0.0867886   0.057949  0.0403405  0.0173031   0.016253  0.0267966   0.105267
(NM) 500: f = 98594.3 at 9.4444e-05  0.0967671  0.0807096   0.881398 0.00771346 -0.0247823   0.145402  0.0965072  0.0411126  0.0866456  0.0577362  0.0402121  0.0171259  0.0161367  0.0267013   0.105264
(NM) 520: f = 98594.3 at 9.45551e-05  0.0967792  0.0807106   0.881384 0.00772837 -0.0248674   0.145331  0.0963967  0.0410952  0.0866029  0.0576683  0.0401758  0.0171273  0.0161561  0.0266171   0.105258
(NM) 540: f = 98594.3 at 9.45416e-05  0.0967808  0.0807425   0.881399  0.0077531 -0.0247514   0.145267  0.0963988  0.0410054  0.0866386  0.0576053  0.0401644  0.0170844  0.0160296  0.0267958   0.105276
(NM) 560: f = 98594.3 at 9.19242e-05  0.0967564  0.0807122   0.881445 0.00777126 -0.0248794   0.145265   0.096354  0.0409968  0.0865215  0.0574299  0.0401268  0.0169917  0.0159204  0.0267102   0.105292
(NM) 580: f = 98594.3 at 8.72978e-05  0.0967665  0.0807205   0.881574 0.00752228 -0.0249682   0.145175  0.0963048  0.0409232  0.0864434  0.0574341  0.0399748  0.0169118  0.0159418  0.0265789   0.105256
(NM) 600: f = 98594.3 at 8.70595e-05  0.0967786  0.0807144   0.881572 0.00758928 -0.0250128    0.14509  0.0962169  0.0408448  0.0864029  0.0573832  0.0399975  0.0168779  0.0158858  0.0265297   0.105262
(NM) 620: f = 98594.3 at 8.89506e-05  0.0967561  0.0807288   0.881526 0.00762736 -0.0249319   0.145129  0.0963211  0.0409693  0.0864402  0.0574373  0.0399909  0.0169505  0.0158548  0.0266592   0.105265
(NM) 640: f = 98594.3 at 8.49109e-05  0.0967463  0.0807336   0.881622 0.00749276 -0.0250481   0.144994   0.096138  0.0408146  0.0863181   0.057396  0.0398887  0.0168711  0.0157672   0.026513    0.10526
(NM) 660: f = 98594.3 at 8.49109e-05  0.0967463  0.0807336   0.881622 0.00749276 -0.0250481   0.144994   0.096138  0.0408146  0.0863181   0.057396  0.0398887  0.0168711  0.0157672   0.026513    0.10526
(NM) 680: f = 98594.3 at 8.49109e-05  0.0967463  0.0807336   0.881622 0.00749276 -0.0250481   0.144994   0.096138  0.0408146  0.0863181   0.057396  0.0398887  0.0168711  0.0157672   0.026513    0.10526
(NM) 700: f = 98594.3 at 8.62495e-05   0.096746  0.0807324   0.881589 0.00753455 -0.0250008   0.145038  0.0961913  0.0408602   0.086377  0.0573928  0.0399425  0.0168871  0.0157706  0.0265563   0.105264
(NM) 720: f = 98594.3 at 8.58365e-05  0.0967451  0.0807297   0.881598 0.00753786 -0.0250027   0.144998  0.0961853   0.040865  0.0863769  0.0573726  0.0399313   0.016882  0.0157262  0.0265759   0.105259
(NM) 740: f = 98594.3 at 8.5004e-05  0.0967436  0.0807313   0.881618 0.00752912 -0.0250223   0.144966  0.0961578  0.0408346   0.086327  0.0573583  0.0398949  0.0168592  0.0157124  0.0265517    0.10526
(NM) 760: f = 98594.3 at 8.48687e-05  0.0967494  0.0807306   0.881623 0.00752138 -0.0250342   0.144966   0.096146  0.0408282  0.0863295  0.0573754  0.0398956  0.0168585  0.0157277  0.0265265    0.10526
(NM) 780: f = 98594.3 at 8.50631e-05  0.0967461  0.0807281   0.881617 0.00751566 -0.0250272   0.144965  0.0961483  0.0408381  0.0863402   0.057381  0.0399101  0.0168805  0.0157317  0.0265384   0.105258
(NM) 800: f = 98594.3 at 8.4299e-05  0.0967471  0.0807269   0.881636 0.00750056 -0.0250454   0.144938  0.0961302  0.0408312  0.0863227  0.0573601  0.0398823  0.0168573  0.0157058  0.0265243   0.105257
(NM) 820: f = 98594.3 at 8.4698e-05  0.0967477  0.0807276   0.881626 0.00751249 -0.0250308   0.144948  0.0961471  0.0408409  0.0863341  0.0573677  0.0398989  0.0168672  0.0157137  0.0265293   0.105256
(NM) 840: f = 98594.3 at 8.48087e-05  0.0967451  0.0807277   0.881623 0.00751031 -0.0250295   0.144957  0.0961414  0.0408438  0.0863379  0.0573754  0.0399021  0.0168741   0.015716  0.0265306   0.105257
(NM) 860: f = 98594.3 at 8.50624e-05  0.0967476  0.0807264   0.881617 0.00752503 -0.0250131   0.144948  0.0961502  0.0408513  0.0863487  0.0573758  0.0399213  0.0168807  0.0157133  0.0265339   0.105258
(NM) 880: f = 98594.3 at 8.5063e-05  0.0967473  0.0807285   0.881617 0.00752086 -0.0250159   0.144957  0.0961472  0.0408468  0.0863451  0.0573762  0.0399149   0.016878  0.0157186  0.0265299   0.105258
(NM) 900: f = 98594.3 at 8.49631e-05  0.0967467  0.0807281   0.881619 0.00751784 -0.0250114    0.14495  0.0961447  0.0408473   0.086345  0.0573664  0.0399201  0.0168776  0.0157094  0.0265259   0.105257
(NM) 920: f = 98594.3 at 8.47623e-05  0.0967479  0.0807285   0.881625 0.00750925 -0.0250137   0.144953  0.0961404   0.040843  0.0863421  0.0573612  0.0399196  0.0168695  0.0157055  0.0265094   0.105257
(NM) 940: f = 98594.3 at 8.4686e-05  0.0967471  0.0807281   0.881626 0.00750624  -0.025007   0.144953  0.0961385  0.0408423  0.0863338  0.0573566   0.039928  0.0168689  0.0156978  0.0264957   0.105256
(NM) 960: f = 98594.3 at 8.45216e-05  0.0967483  0.0807281   0.881631 0.00750142 -0.0250145   0.144957  0.0961369  0.0408419   0.086332  0.0573514  0.0399156  0.0168669  0.0156971  0.0265004   0.105255
(NM) 980: f = 98594.3 at 8.46426e-05  0.0967471  0.0807281   0.881628 0.00750045 -0.0250155   0.144956  0.0961404  0.0408457  0.0863331  0.0573624  0.0399156  0.0168737  0.0157012   0.026508   0.105255
(NM) 1000: f = 98594.3 at 8.47128e-05   0.096748   0.080728   0.881627 0.00750622 -0.0250115   0.144966  0.0961407  0.0408508  0.0863318  0.0573611  0.0399155  0.0168761  0.0156957  0.0265081   0.105255
(NM) 1020: f = 98594.3 at 8.47511e-05  0.0967472  0.0807278   0.881625 0.00750716 -0.0250113   0.144961  0.0961398  0.0408525  0.0863285  0.0573637  0.0399157  0.0168805  0.0156943  0.0265069   0.105256
(NM) 1040: f = 98594.3 at 8.47862e-05  0.0967476  0.0807274   0.881624 0.00750976 -0.0250134   0.144965  0.0961414  0.0408499  0.0863272  0.0573683  0.0399149  0.0168804  0.0156993  0.0265109   0.105257
(NM) 1060: f = 98594.3 at 8.45178e-05  0.0967477  0.0807276   0.881631 0.00750226 -0.0250164   0.144958  0.0961326  0.0408459  0.0863199  0.0573622  0.0399094   0.016875  0.0156885  0.0264966   0.105256
(NM) 1080: f = 98594.3 at 8.47161e-05   0.096747  0.0807281   0.881626 0.00750855 -0.0250112   0.144964  0.0961341  0.0408468  0.0863196  0.0573686  0.0399154  0.0168773  0.0156905  0.0264959   0.105257
(NM) 1100: f = 98594.3 at 8.47945e-05  0.0967475  0.0807278   0.881624  0.0075106 -0.0250073   0.144968   0.096138  0.0408515  0.0863248  0.0573691  0.0399182  0.0168788  0.0156931  0.0264993   0.105257
(NM) 1120: f = 98594.3 at 8.47945e-05  0.0967475  0.0807278   0.881624  0.0075106 -0.0250073   0.144968   0.096138  0.0408515  0.0863248  0.0573691  0.0399182  0.0168788  0.0156931  0.0264993   0.105257
(NM) 1140: f = 98594.3 at 8.49054e-05  0.0967477  0.0807276   0.881621 0.00751365 -0.0250048   0.144968   0.096143  0.0408533  0.0863264  0.0573732  0.0399227  0.0168816  0.0156974  0.0265027   0.105257
(NM) 1160: f = 98594.3 at 8.48206e-05  0.0967479  0.0807278   0.881624 0.00751045 -0.0250076   0.144968  0.0961356  0.0408508  0.0863243  0.0573743  0.0399193  0.0168799  0.0156934  0.0264981   0.105257
(NM) 1180: f = 98594.3 at 8.48621e-05  0.0967481  0.0807276   0.881623 0.00751283 -0.0250048   0.144967  0.0961392  0.0408529  0.0863256  0.0573719  0.0399212  0.0168792  0.0156914  0.0265019   0.105258
(NM) 1200: f = 98594.3 at 8.47708e-05  0.0967481  0.0807276   0.881625 0.00750989 -0.0250082   0.144964  0.0961365  0.0408496  0.0863222  0.0573705  0.0399181  0.0168771  0.0156927  0.0264992   0.105257
(NM) 1220: f = 98594.3 at 8.47826e-05  0.0967486  0.0807273   0.881625 0.00750995 -0.0250058   0.144961  0.0961376  0.0408497  0.0863227  0.0573718  0.0399187  0.0168751  0.0156915  0.0265027   0.105258
(NM) 1240: f = 98594.3 at 8.47089e-05  0.0967491  0.0807271   0.881627 0.00750551 -0.0250079   0.144964  0.0961323  0.0408477  0.0863207  0.0573729  0.0399165  0.0168691  0.0156904  0.0264993   0.105258
(NM) 1260: f = 98594.3 at 8.46781e-05  0.0967491   0.080727   0.881627 0.00750234 -0.0250065   0.144959  0.0961308  0.0408467  0.0863176   0.057376   0.039914  0.0168686  0.0156877  0.0265036   0.105258
(NM) 1280: f = 98594.3 at 8.46644e-05  0.0967489  0.0807269   0.881628 0.00749819 -0.0250071   0.144963  0.0961298  0.0408481  0.0863203  0.0573738  0.0399158  0.0168668  0.0156887  0.0265014   0.105257
(NM) 1300: f = 98594.3 at 8.46947e-05  0.0967492  0.0807268   0.881627 0.00749793 -0.0250057   0.144963  0.0961299  0.0408477   0.086322  0.0573754  0.0399153  0.0168652    0.01569  0.0265072   0.105258
(NM) 1320: f = 98594.3 at 8.47182e-05  0.0967491  0.0807266   0.881626 0.00749925 -0.0250042   0.144961  0.0961314  0.0408496  0.0863197  0.0573763  0.0399153  0.0168672  0.0156883  0.0265077   0.105258
(NM) 1340: f = 98594.3 at 8.48622e-05  0.0967487  0.0807266   0.881622 0.00749957 -0.0250001   0.144967  0.0961356  0.0408541  0.0863238  0.0573797  0.0399195  0.0168697  0.0156922  0.0265138   0.105258
(NM) 1360: f = 98594.3 at 8.48641e-05  0.0967485  0.0807266   0.881622  0.0074989 -0.0249995   0.144965  0.0961364  0.0408546  0.0863243  0.0573792  0.0399193  0.0168706  0.0156928  0.0265155   0.105258
(NM) 1380: f = 98594.3 at 8.4853e-05  0.0967485  0.0807268   0.881623 0.00750078 -0.0249985   0.144966  0.0961369  0.0408545  0.0863236  0.0573777  0.0399202  0.0168718  0.0156915  0.0265115   0.105258
(NM) 1400: f = 98594.3 at 8.47851e-05  0.0967485  0.0807266   0.881624 0.00750019 -0.0250014   0.144964  0.0961359  0.0408525  0.0863209  0.0573759  0.0399173  0.0168702  0.0156915  0.0265101   0.105258
(NM) 1420: f = 98594.3 at 8.4765e-05  0.0967485  0.0807267   0.881625 0.00749965 -0.0249999   0.144964  0.0961356  0.0408524  0.0863191  0.0573751  0.0399177  0.0168696  0.0156905  0.0265075   0.105258
Generalized linear mixed model fit by maximum likelihood ['glmerMod']
 Family: poisson ( log )
Formula: gs ~ year + field + (1 | offense) + (1 | defense) + (1 | game_id) 
   Data: g 
      AIC       BIC    logLik  deviance 
 98626.33  98757.33 -49297.17  98594.33 
Random effects:
 Groups  Name        Std.Dev. 
 game_id (Intercept) 8.477e-05
 defense (Intercept) 9.675e-02
 offense (Intercept) 8.073e-02
Number of obs: 26562, groups: game_id, 13281; defense, 360; offense, 360
Fixed Effects:
      (Intercept)           year2003           year2004           year2006  
          0.88162            0.00750           -0.02500            0.14496  
         year2007           year2008           year2009           year2010  
          0.09614            0.04085            0.08632            0.05738  
         year2011           year2012           year2013           year2014  
          0.03992            0.01687            0.01569            0.02651  
fieldoffense_home  
          0.10526  
Generalized linear mixed model fit by maximum likelihood ['glmerMod']
 Family: poisson ( log )
Formula: gs ~ year + field + (1 | offense) + (1 | defense) + (1 | game_id) 
   Data: g 

      AIC       BIC    logLik  deviance 
 98626.33  98757.33 -49297.17  98594.33 

Random effects:
 Groups  Name        Variance  Std.Dev. 
 game_id (Intercept) 7.187e-09 8.477e-05
 defense (Intercept) 9.360e-03 9.675e-02
 offense (Intercept) 6.517e-03 8.073e-02
Number of obs: 26562, groups: game_id, 13281; defense, 360; offense, 360

Fixed effects:
                   Estimate Std. Error z value Pr(>|z|)    
(Intercept)        0.881625   0.026536   33.22  < 2e-16 ***
year2003           0.007500   0.037095    0.20  0.83978    
year2004          -0.025000   0.037165   -0.67  0.50116    
year2006           0.144964   0.036820    3.94 8.25e-05 ***
year2007           0.096136   0.036914    2.60  0.00921 ** 
year2008           0.040852   0.037024    1.10  0.26985    
year2009           0.086319   0.036932    2.34  0.01943 *  
year2010           0.057375   0.036990    1.55  0.12088    
year2011           0.039918   0.037026    1.08  0.28099    
year2012           0.016870   0.037074    0.46  0.64909    
year2013           0.015690   0.038541    0.41  0.68392    
year2014           0.026508   0.044144    0.60  0.54819    
fieldoffense_home  0.105258   0.007498   14.04  < 2e-16 ***
---
Signif. codes:  0 ‘***’ 0.001 ‘**’ 0.01 ‘*’ 0.05 ‘.’ 0.1 ‘ ’ 1

Correlation of Fixed Effects:
            (Intr) yr2003 yr2004 yr2006 yr2007 yr2008 yr2009 yr2010 yr2011
year2003    -0.700                                                        
year2004    -0.698  0.499                                                 
year2006    -0.705  0.504  0.503                                          
year2007    -0.703  0.503  0.502  0.507                                   
year2008    -0.701  0.501  0.500  0.505  0.504                            
year2009    -0.703  0.503  0.502  0.506  0.505  0.504                     
year2010    -0.702  0.502  0.501  0.506  0.504  0.503  0.504              
year2011    -0.701  0.501  0.500  0.505  0.504  0.502  0.504  0.503       
year2012    -0.700  0.501  0.500  0.504  0.503  0.502  0.503  0.502  0.502
year2013    -0.673  0.482  0.481  0.485  0.484  0.483  0.484  0.483  0.483
year2014    -0.588  0.421  0.420  0.424  0.423  0.421  0.422  0.422  0.421
fildffns_hm -0.149  0.000  0.000  0.000  0.000  0.000  0.000  0.000  0.000
            yr2012 yr2013 yr2014
year2003                        
year2004                        
year2006                        
year2007                        
year2008                        
year2009                        
year2010                        
year2011                        
year2012                        
year2013     0.482              
year2014     0.421  0.405       
fildffns_hm  0.000  0.000  0.000
[1] TRUE
