[1] 61082     9
[1] TRUE
[1] 61082     8
  0:     112715.18:  1.15470 0.294454 0.294454  1.18200 -0.0100743 -0.0413010 -0.0475124 -0.0163741 -0.0744799 -0.0778670 -0.0893452 -0.112955 -0.144895 -0.147983 -0.110052 -0.133936 -0.166398 -0.188976 -0.0813035 0.0981401 0.292708 0.111581 0.0366081 0.0585930 -0.120216 -0.0580938 -0.00929806 0.141501 -0.178507
  1:     74272.103: 0.168317 0.327839 0.277886  1.11445 -0.0142185 -0.0454194 -0.0521457 -0.0209732 -0.0793387 -0.0822367 -0.0938203 -0.117443 -0.149544 -0.152929 -0.114541 -0.138376 -0.170935 -0.193645 -0.0233538 -0.0242092 0.296693 0.0784311 0.0265745 0.0246443 -0.130788 -0.0581282 -0.00930158 0.141502 -0.178505
  2:     72891.494: 0.0970299 0.317691 0.265994  1.12400 -0.0136020 -0.0447938 -0.0515812 -0.0203891 -0.0788014 -0.0816697 -0.0931869 -0.116760 -0.148876 -0.152293 -0.113827 -0.137658 -0.170180 -0.192893 -0.0953858 0.0588743 0.298533 0.0848331 0.0245936 0.0302684 -0.119913 -0.0579205 -0.00927534 0.141517 -0.178501
  3:     72770.543: 0.00761120 0.277998 0.222992  1.15183 -0.0117763 -0.0429372 -0.0499772 -0.0187232 -0.0772988 -0.0800480 -0.0913418 -0.114743 -0.146924 -0.150461 -0.111717 -0.135533 -0.167919 -0.190651 -0.0399306 0.0333329 0.304537 0.102801 0.0175320 0.0469224 -0.0874594 -0.0571111 -0.00918168 0.141568 -0.178487
  4:     72584.978: 0.00650122 0.279406 0.230146  1.15216 -0.0117136 -0.0428641 -0.0500260 -0.0187673 -0.0773772 -0.0800717 -0.0913236 -0.114678 -0.146895 -0.150476 -0.111649 -0.135461 -0.167803 -0.190549 -0.0744674 0.0677077 0.305958 0.102915 0.0150765 0.0468418 -0.0889017 -0.0568660 -0.00915154 0.141585 -0.178482
  5:     72578.325: 0.00315947 0.277806 0.237645  1.15271 -0.0114661 -0.0425590 -0.0503906 -0.0191072 -0.0779048 -0.0802934 -0.0913053 -0.114409 -0.146817 -0.150644 -0.111361 -0.135144 -0.167252 -0.190076 -0.0707981 0.0608087 0.313662 0.102895 0.00220054 0.0457069 -0.0928099 -0.0555127 -0.00899038 0.141673 -0.178460
  6:     72570.892: 0.00218034 0.283092 0.229154  1.15322 -0.0112150 -0.0422438 -0.0507902 -0.0194763 -0.0784732 -0.0805295 -0.0912907 -0.114123 -0.146734 -0.150824 -0.111049 -0.134799 -0.166664 -0.189569 -0.0754238 0.0626665 0.322067 0.103316 -0.0108322 0.0434810 -0.0936897 -0.0540570 -0.00881468 0.141769 -0.178435
  7:     72564.651: 0.00216336 0.276743 0.233626  1.15657 -0.0107714 -0.0417464 -0.0510118 -0.0196507 -0.0788611 -0.0805889 -0.0910813 -0.113638 -0.146455 -0.150810 -0.110540 -0.134257 -0.165870 -0.188859 -0.0724403 0.0606056 0.330706 0.106591 -0.0239257 0.0411085 -0.0887901 -0.0524608 -0.00861678 0.141879 -0.178407
  8:     72551.777: 0.00146799 0.281886 0.230439  1.15885 -0.0101268 -0.0410040 -0.0518142 -0.0203446 -0.0799924 -0.0809889 -0.0909157 -0.112921 -0.146165 -0.151067 -0.109790 -0.133444 -0.164530 -0.187684 -0.0764425 0.0644531 0.350021 0.116611 -0.0504628 0.0265327 -0.0930650 -0.0485536 -0.00810366 0.142163 -0.178332
  9:     72549.919: 0.000543274 0.283762 0.226698  1.15453 -0.00998791 -0.0407873 -0.0528922 -0.0213297 -0.0813335 -0.0817083 -0.0912050 -0.112736 -0.146355 -0.151689 -0.109583 -0.133183 -0.163828 -0.187130 -0.0723868 0.0523844 0.367727 0.125635 -0.0743710 0.00911797 -0.0971905 -0.0448826 -0.00760145 0.142444 -0.178260
 10:     72530.034: 0.000609592 0.283021 0.233034  1.15676 -0.00966196 -0.0404653 -0.0531031 -0.0214296 -0.0816019 -0.0817155 -0.0910754 -0.112319 -0.146153 -0.151596 -0.109138 -0.132728 -0.163172 -0.186536 -0.0778296 0.0594405 0.382971 0.150173 -0.0892328 -0.00629960 -0.0885486 -0.0415811 -0.00707000 0.142749 -0.178182
 11:     72528.507: 0.000164710 0.276743 0.231085  1.15971 -0.00937856 -0.0401621 -0.0530613 -0.0213675 -0.0816256 -0.0816217 -0.0908726 -0.112012 -0.145920 -0.151468 -0.108825 -0.132404 -0.162757 -0.186145 -0.0725851 0.0570525 0.388342 0.153649 -0.0960427 -0.00785669 -0.0924568 -0.0406859 -0.00693445 0.142825 -0.178162
 12:     72524.908: 0.000519089 0.277792 0.230470  1.15956 -0.00934638 -0.0401288 -0.0531057 -0.0213899 -0.0816798 -0.0816357 -0.0908641 -0.111970 -0.145905 -0.151477 -0.108791 -0.132368 -0.162694 -0.186091 -0.0780979 0.0634206 0.393853 0.158736 -0.101123 -0.0137274 -0.0939100 -0.0397579 -0.00676092 0.142926 -0.178135
 13:     72520.539:  0.00000 0.282447 0.231715  1.15976 -0.00927688 -0.0400507 -0.0531586 -0.0214187 -0.0817505 -0.0816468 -0.0908325 -0.111887 -0.145861 -0.151476 -0.108714 -0.132286 -0.162567 -0.185980 -0.0738312 0.0598899 0.399846 0.163312 -0.107093 -0.0191757 -0.0907604 -0.0388034 -0.00658480 0.143028 -0.178109
 14:     72517.434:  0.00000 0.278009 0.231690  1.15710 -0.00937566 -0.0401394 -0.0534149 -0.0216568 -0.0820291 -0.0818557 -0.0910014 -0.111985 -0.146022 -0.151684 -0.108818 -0.132383 -0.162617 -0.186052 -0.0778058 0.0608706 0.405993 0.166898 -0.113754 -0.0263834 -0.0904658 -0.0377746 -0.00639292 0.143140 -0.178080
 15:     72513.625: 0.000133444 0.280327 0.231519  1.15963 -0.00915333 -0.0399116 -0.0533129 -0.0215320 -0.0819409 -0.0817248 -0.0908271 -0.111733 -0.145829 -0.151527 -0.108560 -0.132126 -0.162322 -0.185764 -0.0738335 0.0594387 0.412406 0.174835 -0.120049 -0.0299636 -0.0925055 -0.0367453 -0.00619193 0.143257 -0.178049
 16:     72511.869: 0.000277047 0.284233 0.232235  1.16210 -0.00890339 -0.0396491 -0.0532186 -0.0213951 -0.0818587 -0.0815776 -0.0906178 -0.111441 -0.145597 -0.151346 -0.108265 -0.131831 -0.161971 -0.185427 -0.0782066 0.0665459 0.425958 0.189408 -0.133088 -0.0402309 -0.0927974 -0.0346634 -0.00575761 0.143512 -0.177982
 17:     72500.428: 0.000696834 0.280706 0.229228  1.15751 -0.00914835 -0.0398845 -0.0534919 -0.0216397 -0.0821178 -0.0818101 -0.0908507 -0.111685 -0.145841 -0.151587 -0.108526 -0.132088 -0.162217 -0.185689 -0.0756860 0.0596752 0.438728 0.199540 -0.144905 -0.0560472 -0.0893355 -0.0327746 -0.00531887 0.143774 -0.177914
 18:     72498.707: 0.000398026 0.279392 0.233900  1.15857 -0.00903372 -0.0397585 -0.0534934 -0.0216338 -0.0821503 -0.0817878 -0.0907778 -0.111563 -0.145755 -0.151551 -0.108402 -0.131960 -0.162045 -0.185529 -0.0760253 0.0606735 0.441548 0.201112 -0.148597 -0.0569476 -0.0911640 -0.0323467 -0.00524267 0.143818 -0.177902
 19:     72497.484: 0.000200888 0.280552 0.230327  1.15875 -0.00897251 -0.0396817 -0.0535640 -0.0216968 -0.0822556 -0.0818235 -0.0907585 -0.111493 -0.145722 -0.151574 -0.108327 -0.131879 -0.161914 -0.185415 -0.0741162 0.0584904 0.444742 0.202370 -0.152623 -0.0587449 -0.0916971 -0.0318704 -0.00515682 0.143867 -0.177889
 20:     72495.756: 0.000242993 0.279990 0.231732  1.15891 -0.00892516 -0.0396245 -0.0535984 -0.0217236 -0.0823091 -0.0818364 -0.0907342 -0.111439 -0.145690 -0.151579 -0.108273 -0.131821 -0.161826 -0.185337 -0.0771401 0.0614599 0.447961 0.204485 -0.156290 -0.0610903 -0.0914172 -0.0314061 -0.00505792 0.143926 -0.177874
 21:     72493.838: 0.000270665 0.279867 0.231418  1.15887 -0.00889351 -0.0395837 -0.0536366 -0.0217543 -0.0823607 -0.0818558 -0.0907160 -0.111400 -0.145666 -0.151587 -0.108233 -0.131779 -0.161760 -0.185280 -0.0748057 0.0589553 0.451491 0.207089 -0.160044 -0.0640694 -0.0911287 -0.0309100 -0.00494348 0.143994 -0.177856
 22:     72479.356: 0.00198378 0.279154 0.223222  1.15495 -0.00884574 -0.0394663 -0.0540037 -0.0220363 -0.0827378 -0.0820863 -0.0906096 -0.111274 -0.145539 -0.151758 -0.108115 -0.131655 -0.161542 -0.185106 -0.0792758 0.0603901 0.497131 0.248978 -0.203534 -0.110332 -0.0841296 -0.0247260 -0.00332534 0.144970 -0.177599
 23:     72477.974:  0.00000 0.281849 0.247970  1.15877 -0.00854785 -0.0391520 -0.0531102 -0.0211390 -0.0816851 -0.0813230 -0.0898931 -0.110908 -0.144834 -0.150895 -0.107770 -0.131367 -0.161486 -0.184959 -0.0657485 0.0551791 0.537310 0.297855 -0.235892 -0.146729 -0.101776 -0.0206088 -0.00168317 0.145992 -0.177326
 24:     72461.285:  0.00000 0.283981 0.234938  1.15716 -0.00864100 -0.0391944 -0.0528221 -0.0208752 -0.0813444 -0.0811079 -0.0898170 -0.110968 -0.144773 -0.150616 -0.107830 -0.131441 -0.161676 -0.185124 -0.0800396 0.0684482 0.558161 0.314715 -0.254567 -0.162823 -0.100132 -0.0192036 -0.000843727 0.146529 -0.177182
 25:     72446.273: 0.000170144 0.287893 0.235269  1.15896 -0.00849994 -0.0389075 -0.0519729 -0.0201362 -0.0804891 -0.0804441 -0.0896283 -0.110803 -0.144623 -0.150101 -0.107674 -0.131295 -0.161696 -0.185125 -0.0696580 0.0583348 0.584856 0.322158 -0.282063 -0.171520 -0.0926095 -0.0196827 0.000331973 0.147333 -0.176961
 26:     72440.122:  0.00000 0.277559 0.232000  1.15560 -0.00860568 -0.0389605 -0.0519171 -0.0201104 -0.0804378 -0.0804106 -0.0897770 -0.110896 -0.144771 -0.150135 -0.107760 -0.131391 -0.161831 -0.185250 -0.0772877 0.0627606 0.603479 0.342409 -0.298273 -0.194504 -0.103983 -0.0188629 0.00144689 0.148081 -0.176755
 27:     72429.283:  0.00000 0.283432 0.234696  1.15852 -0.00805204 -0.0383010 -0.0521287 -0.0202830 -0.0808420 -0.0804024 -0.0894467 -0.110273 -0.144359 -0.150037 -0.107079 -0.130673 -0.160807 -0.184329 -0.0724810 0.0611441 0.622545 0.362507 -0.319997 -0.215928 -0.0936200 -0.0175494 0.00266650 0.148918 -0.176524
 28:     72427.909:  0.00000 0.280120 0.232104  1.15631 -0.00814600 -0.0383823 -0.0523543 -0.0205031 -0.0810955 -0.0805919 -0.0895898 -0.110368 -0.144495 -0.150226 -0.107173 -0.130758 -0.160847 -0.184390 -0.0752450 0.0607386 0.624303 0.361518 -0.322916 -0.217942 -0.0922078 -0.0172881 0.00272970 0.148959 -0.176513
 29:     72427.478: 3.04604e-10 0.280505 0.232805  1.15667 -0.00809389 -0.0383232 -0.0523817 -0.0205245 -0.0811401 -0.0806001 -0.0895650 -0.110308 -0.144461 -0.150228 -0.107111 -0.130692 -0.160751 -0.184305 -0.0737555 0.0592107 0.625554 0.362074 -0.324765 -0.218134 -0.0918326 -0.0171113 0.00277324 0.148988 -0.176505
 30:     72427.074:  0.00000 0.280746 0.232902  1.15681 -0.00805675 -0.0382796 -0.0524172 -0.0205546 -0.0811907 -0.0806173 -0.0895519 -0.110265 -0.144440 -0.150240 -0.107065 -0.130642 -0.160675 -0.184239 -0.0755094 0.0607678 0.626804 0.362620 -0.326550 -0.218545 -0.0917273 -0.0169406 0.00281989 0.149019 -0.176497
 31:     72425.978:  0.00000 0.280786 0.232759  1.15662 -0.00801636 -0.0382312 -0.0524672 -0.0205936 -0.0812500 -0.0806430 -0.0895249 -0.110208 -0.144401 -0.150255 -0.107006 -0.130580 -0.160585 -0.184161 -0.0743644 0.0589671 0.630176 0.365437 -0.330510 -0.220446 -0.0919601 -0.0165854 0.00298256 0.149129 -0.176466
 32:     72411.367:  0.00000 0.282104 0.232103  1.15422 -0.00716544 -0.0373134 -0.0526860 -0.0206162 -0.0813801 -0.0806634 -0.0885055 -0.109077 -0.143281 -0.150162 -0.105937 -0.129501 -0.159383 -0.183068 -0.0748883 0.0622806 0.697375 0.428474 -0.396200 -0.276396 -0.100636 -0.0104727 0.00654328 0.151586 -0.175782
 33:     72410.050:  0.00000 0.283922 0.238410  1.16104 -0.00632860 -0.0363473 -0.0516936 -0.0196348 -0.0804644 -0.0797037 -0.0877898 -0.108236 -0.142598 -0.149209 -0.105171 -0.128717 -0.158587 -0.182325 -0.0661248 0.0582878 0.723756 0.435079 -0.418634 -0.299388 -0.0877715 -0.00919258 0.00804214 0.152703 -0.175462
 34:     72406.645:  0.00000 0.285530 0.237124  1.16306 -0.00616056 -0.0360338 -0.0509370 -0.0189822 -0.0798354 -0.0790094 -0.0878067 -0.108077 -0.142602 -0.148528 -0.104936 -0.128484 -0.158296 -0.182081 -0.0803120 0.0615017 0.733788 0.443466 -0.429559 -0.303643 -0.0879120 -0.00910448 0.00901846 0.153486 -0.175233
 35:     72403.280:  0.00000 0.280194 0.234855  1.15560 -0.00699986 -0.0364628 -0.0500796 -0.0184946 -0.0795040 -0.0781041 -0.0894461 -0.109014 -0.144153 -0.147800 -0.105488 -0.129034 -0.158508 -0.182344 -0.0786387 0.0531127 0.723940 0.458272 -0.428026 -0.309068 -0.0887830 -0.0113185 0.0108570 0.155198 -0.174705
 36:     72401.782:  0.00000 0.281215 0.233432  1.15648 -0.00670715 -0.0361664 -0.0500167 -0.0183875 -0.0794408 -0.0779315 -0.0891462 -0.108685 -0.143854 -0.147708 -0.105245 -0.128773 -0.158225 -0.182054 -0.0698842 0.0650562 0.732138 0.455580 -0.435350 -0.321918 -0.0923947 -0.0115647 0.0120244 0.156233 -0.174385
 37:     72400.430:  0.00000 0.284700 0.235459  1.15654 -0.00626314 -0.0358656 -0.0505020 -0.0186964 -0.0797021 -0.0782598 -0.0883301 -0.108065 -0.142989 -0.147977 -0.104743 -0.128266 -0.157791 -0.181641 -0.0701077 0.0585948 0.746440 0.462631 -0.449763 -0.320485 -0.0904527 -0.0109670 0.0132951 0.157353 -0.174043
 38:     72400.209:  0.00000 0.285998 0.235690  1.15895 -0.00553637 -0.0353337 -0.0507538 -0.0187444 -0.0796784 -0.0784401 -0.0871414 -0.107194 -0.141788 -0.148053 -0.104027 -0.127553 -0.157246 -0.181090 -0.0808544 0.0595904 0.760527 0.472674 -0.458802 -0.324533 -0.0904434 -0.0101285 0.0148198 0.158747 -0.173612
 39:     72396.997:  0.00000 0.283167 0.235081  1.16100 -0.00517835 -0.0350221 -0.0506094 -0.0185519 -0.0794902 -0.0783746 -0.0867118 -0.106863 -0.141394 -0.147918 -0.103746 -0.127275 -0.157011 -0.180859 -0.0781563 0.0541209 0.764741 0.475858 -0.458978 -0.331806 -0.0910313 -0.00940815 0.0153901 0.159311 -0.173431
 40:     72396.455:  0.00000 0.281359 0.233925  1.15485 -0.00557045 -0.0353043 -0.0507910 -0.0188111 -0.0798051 -0.0785997 -0.0873100 -0.107308 -0.141995 -0.148115 -0.104092 -0.127615 -0.157249 -0.181111 -0.0773006 0.0597244 0.765272 0.479934 -0.464065 -0.335458 -0.0911053 -0.00896142 0.0158507 0.159789 -0.173274
 41:     72395.483:  0.00000 0.282130 0.234585  1.15298 -0.00568585 -0.0352773 -0.0505768 -0.0186955 -0.0797726 -0.0784218 -0.0877001 -0.107475 -0.142372 -0.147930 -0.104144 -0.127662 -0.157158 -0.181045 -0.0727523 0.0592681 0.766998 0.486476 -0.469838 -0.340644 -0.0907260 -0.00839701 0.0164702 0.160409 -0.173073
 42:     72394.698:  0.00000 0.282420 0.234578  1.15727 -0.00529233 -0.0348275 -0.0500554 -0.0181993 -0.0793298 -0.0779094 -0.0874326 -0.107098 -0.142098 -0.147421 -0.103759 -0.127272 -0.156703 -0.180620 -0.0757053 0.0585183 0.771727 0.490437 -0.473499 -0.347712 -0.0911834 -0.00775326 0.0171069 0.161038 -0.172870
 43:     72393.240:  0.00000 0.282828 0.234651  1.15285 -0.00493198 -0.0347061 -0.0503639 -0.0182846 -0.0791388 -0.0779586 -0.0863495 -0.106399 -0.140977 -0.147672 -0.103334 -0.126865 -0.156654 -0.180524 -0.0733053 0.0584767 0.790664 0.494759 -0.483973 -0.350560 -0.0914753 -0.00751694 0.0190132 0.163123 -0.172174
 44:     72392.710: 0.00111085 0.281491 0.234415  1.14914 -0.00453953 -0.0341982 -0.0506751 -0.0186309 -0.0797143 -0.0783380 -0.0861785 -0.106058 -0.140786 -0.147845 -0.102879 -0.126324 -0.155808 -0.179769 -0.0721838 0.0641454 0.793564 0.507288 -0.497142 -0.355798 -0.0899638 -0.00674369 0.0204270 0.164751 -0.171615
 45:     72392.591:  0.00000 0.283212 0.235003  1.14825 -0.00422367 -0.0337154 -0.0505822 -0.0186365 -0.0799882 -0.0784037 -0.0863357 -0.105948 -0.140964 -0.147692 -0.102621 -0.126010 -0.155162 -0.179211 -0.0699407 0.0584015 0.793335 0.515339 -0.504778 -0.368545 -0.0910316 -0.00566840 0.0212050 0.165653 -0.171301
 46:     72391.067:  0.00000 0.282781 0.235054  1.15125 -0.00394009 -0.0333473 -0.0501124 -0.0182134 -0.0796850 -0.0780029 -0.0863117 -0.105764 -0.140949 -0.147201 -0.102357 -0.125750 -0.154774 -0.178853 -0.0741683 0.0606433 0.794494 0.519091 -0.507720 -0.373548 -0.0910422 -0.00511651 0.0216168 0.166173 -0.171115
 47:     72390.986: 0.00134682 0.280612 0.233801  1.15693 -0.00370880 -0.0330554 -0.0491182 -0.0172358 -0.0787217 -0.0769790 -0.0862287 -0.105534 -0.140859 -0.146203 -0.102100 -0.125532 -0.154539 -0.178631 -0.0742031 0.0580709 0.798975 0.521385 -0.509083 -0.375261 -0.0907006 -0.00468986 0.0221221 0.166870 -0.170859
 48:     72390.494: 0.000798257 0.282076 0.234251  1.15548 -0.00381218 -0.0331407 -0.0491116 -0.0172350 -0.0787253 -0.0769493 -0.0863799 -0.105642 -0.141008 -0.146190 -0.102201 -0.125636 -0.154625 -0.178724 -0.0763503 0.0586280 0.800425 0.521780 -0.510529 -0.377755 -0.0913443 -0.00446405 0.0222691 0.167067 -0.170787
 49:     72390.486: 0.000360535 0.282252 0.234356  1.15488 -0.00384838 -0.0331646 -0.0491003 -0.0172245 -0.0787185 -0.0769147 -0.0864409 -0.105670 -0.141062 -0.146165 -0.102223 -0.125661 -0.154635 -0.178739 -0.0744162 0.0565390 0.802147 0.523221 -0.512251 -0.379760 -0.0914053 -0.00421647 0.0224409 0.167294 -0.170703
 50:     72390.131: 0.000281496 0.282312 0.234452  1.15480 -0.00384691 -0.0331637 -0.0491076 -0.0172296 -0.0787220 -0.0769121 -0.0864355 -0.105661 -0.141053 -0.146167 -0.102215 -0.125653 -0.154626 -0.178730 -0.0756865 0.0580232 0.802812 0.523786 -0.512869 -0.380230 -0.0913850 -0.00413924 0.0224996 0.167371 -0.170675
 51:     72390.008: 0.000121694 0.282041 0.234134  1.15485 -0.00381838 -0.0331443 -0.0491692 -0.0172762 -0.0787695 -0.0769463 -0.0863895 -0.105613 -0.140999 -0.146208 -0.102179 -0.125616 -0.154588 -0.178695 -0.0751605 0.0576113 0.804106 0.523694 -0.514159 -0.380158 -0.0913938 -0.00401513 0.0225339 0.167405 -0.170663
 52:     72389.889:  0.00000 0.282335 0.234579  1.15455 -0.00378245 -0.0331068 -0.0492165 -0.0173180 -0.0788052 -0.0769729 -0.0863371 -0.105558 -0.140939 -0.146244 -0.102128 -0.125566 -0.154541 -0.178648 -0.0759657 0.0587796 0.805866 0.525469 -0.515665 -0.381773 -0.0913395 -0.00380867 0.0227026 0.167621 -0.170583
 53:     72389.548:  0.00000 0.282546 0.234844  1.15346 -0.00367449 -0.0329984 -0.0493729 -0.0174734 -0.0789410 -0.0770996 -0.0861795 -0.105411 -0.140765 -0.146397 -0.101980 -0.125419 -0.154420 -0.178516 -0.0744123 0.0585199 0.809064 0.529945 -0.518469 -0.385222 -0.0910684 -0.00347858 0.0231084 0.168164 -0.170381
 54:     72389.232:  0.00000 0.282578 0.234719  1.15354 -0.00350499 -0.0327514 -0.0490579 -0.0172068 -0.0787072 -0.0769319 -0.0860834 -0.105311 -0.140701 -0.146168 -0.101847 -0.125266 -0.154237 -0.178356 -0.0753131 0.0592671 0.811496 0.532955 -0.523383 -0.388758 -0.0911844 -0.00329894 0.0236641 0.169027 -0.170044
 55:     72388.620:  0.00000 0.283019 0.236205  1.15588 -0.00348041 -0.0327841 -0.0479902 -0.0159431 -0.0776310 -0.0753494 -0.0863645 -0.105150 -0.140917 -0.144532 -0.101798 -0.125226 -0.153806 -0.178075 -0.0758017 0.0569943 0.822088 0.536855 -0.528057 -0.394807 -0.0913917 -0.00322928 0.0250493 0.171705 -0.168920
 56:     72388.239: 0.000496578 0.282991 0.233639  1.15204 -0.00165605 -0.0311582 -0.0516651 -0.0199481 -0.0804718 -0.0795694 -0.0823740 -0.102972 -0.136794 -0.149880 -0.0995548 -0.123138 -0.153693 -0.177261 -0.0751963 0.0587872 0.825807 0.538410 -0.532393 -0.391430 -0.0908803 -0.00226296 0.0261132 0.174178 -0.167802
 57:     72388.216: 0.000257534 0.281836 0.235201  1.15183 -0.00169613 -0.0312005 -0.0516155 -0.0198787 -0.0804411 -0.0794994 -0.0824723 -0.103021 -0.136898 -0.149772 -0.0996166 -0.123193 -0.153693 -0.177281 -0.0743517 0.0575418 0.826527 0.537982 -0.533108 -0.392150 -0.0913315 -0.00217473 0.0261360 0.174202 -0.167793
 58:     72388.072: 0.000214425 0.282150 0.234803  1.15195 -0.00169971 -0.0312036 -0.0515861 -0.0198426 -0.0804177 -0.0794633 -0.0824932 -0.103026 -0.136920 -0.149723 -0.0996247 -0.123199 -0.153679 -0.177276 -0.0752017 0.0584910 0.826778 0.537992 -0.533338 -0.392262 -0.0913303 -0.00214609 0.0261437 0.174210 -0.167790
 59:     72388.033: 0.000114841 0.282427 0.234274  1.15221 -0.00171466 -0.0312172 -0.0515102 -0.0197485 -0.0803584 -0.0793691 -0.0825572 -0.103045 -0.136988 -0.149592 -0.0996530 -0.123221 -0.153646 -0.177263 -0.0746047 0.0580306 0.827452 0.537990 -0.533972 -0.392601 -0.0913180 -0.00206673 0.0261649 0.174233 -0.167781
 60:     72387.963: 5.92399e-05 0.282396 0.234497  1.15214 -0.00181074 -0.0313059 -0.0513312 -0.0195374 -0.0802203 -0.0791892 -0.0827623 -0.103169 -0.137213 -0.149308 -0.0997897 -0.123344 -0.153636 -0.177294 -0.0751007 0.0586672 0.827882 0.538475 -0.534499 -0.393088 -0.0913001 -0.00195551 0.0262074 0.174307 -0.167747
 61:     72387.911: 1.10021e-05 0.282341 0.234525  1.15211 -0.00189602 -0.0313861 -0.0511756 -0.0193529 -0.0800977 -0.0790249 -0.0829407 -0.103274 -0.137406 -0.149059 -0.0999076 -0.123451 -0.153621 -0.177317 -0.0745929 0.0582576 0.828491 0.538948 -0.535116 -0.393656 -0.0912907 -0.00183652 0.0262525 0.174380 -0.167714
 62:     72387.825:  0.00000 0.282395 0.234576  1.15174 -0.00217938 -0.0316519 -0.0507051 -0.0188184 -0.0797336 -0.0785449 -0.0834961 -0.103623 -0.138003 -0.148344 -0.100277 -0.123788 -0.153622 -0.177417 -0.0749018 0.0589694 0.829182 0.540368 -0.536196 -0.394647 -0.0911978 -0.00163682 0.0263704 0.174616 -0.167601
 63:     72387.690:  0.00000 0.282438 0.234627  1.15107 -0.00254580 -0.0319708 -0.0501420 -0.0182558 -0.0793343 -0.0779199 -0.0841808 -0.104032 -0.138689 -0.147590 -0.100651 -0.124137 -0.153665 -0.177567 -0.0740470 0.0586940 0.830152 0.543994 -0.538563 -0.397352 -0.0909700 -0.00134475 0.0266701 0.175258 -0.167284
 64:     72387.567:  0.00000 0.282371 0.234932  1.15286 -0.00137805 -0.0306588 -0.0524100 -0.0208832 -0.0813661 -0.0802294 -0.0821253 -0.102207 -0.136435 -0.150887 -0.0990311 -0.122623 -0.153435 -0.176945 -0.0750694 0.0588844 0.831490 0.548376 -0.541581 -0.403581 -0.0910038 -0.00156131 0.0271114 0.176660 -0.166481
 65:     72387.225: 2.39039e-05 0.282152 0.234508  1.15246 -0.00249245 -0.0318414 -0.0499087 -0.0176819 -0.0790411 -0.0785732 -0.0848927 -0.105136 -0.139883 -0.146914 -0.101615 -0.124991 -0.154175 -0.178170 -0.0746215 0.0584051 0.837398 0.547754 -0.542363 -0.403990 -0.0916435 -0.00198824 0.0274278 0.178799 -0.165113
 66:     72387.181: 1.27803e-05 0.282515 0.234708  1.15303 -0.00247472 -0.0318262 -0.0498820 -0.0176549 -0.0790201 -0.0784992 -0.0848655 -0.105071 -0.139835 -0.146872 -0.101561 -0.124939 -0.154112 -0.178118 -0.0749684 0.0591043 0.838064 0.548056 -0.543092 -0.403722 -0.0913272 -0.00190858 0.0274472 0.178818 -0.165105
 67:     72387.128: 2.72058e-05 0.282496 0.234637  1.15303 -0.00275114 -0.0321202 -0.0498686 -0.0177594 -0.0790802 -0.0780461 -0.0849520 -0.104868 -0.139708 -0.146919 -0.101422 -0.124841 -0.154079 -0.178117 -0.0743608 0.0583209 0.838261 0.547978 -0.544001 -0.403692 -0.0913343 -0.00177391 0.0274913 0.178948 -0.165019
 68:     72387.075: 1.98310e-05 0.282550 0.234694  1.15294 -0.00314130 -0.0325455 -0.0498331 -0.0178700 -0.0791385 -0.0773944 -0.0850764 -0.104614 -0.139554 -0.146935 -0.101251 -0.124723 -0.154063 -0.178124 -0.0748581 0.0587332 0.838478 0.548069 -0.544929 -0.403688 -0.0913397 -0.00153899 0.0275583 0.179137 -0.164891
 69:     72387.012:  0.00000 0.282636 0.234799  1.15197 -0.00312809 -0.0327787 -0.0501193 -0.0178017 -0.0793348 -0.0772800 -0.0849636 -0.104413 -0.139280 -0.146690 -0.101028 -0.124472 -0.153817 -0.177824 -0.0741645 0.0582861 0.840436 0.549147 -0.546010 -0.403738 -0.0912559 -0.000795615 0.0277525 0.179689 -0.164485
 70:     72386.917:  0.00000 0.282695 0.234980  1.15109 -0.000619755 -0.0296646 -0.0493905 -0.0168502 -0.0782700 -0.0800465 -0.0839085 -0.105249 -0.139534 -0.146487 -0.101400 -0.124655 -0.153499 -0.177538 -0.0746542 0.0589608 0.842193 0.550524 -0.547389 -0.404242 -0.0911445 -0.000644803 0.0280149 0.180383 -0.163922
 71:     72386.809:  0.00000 0.282380 0.234547  1.15147 -0.00246281 -0.0317170 -0.0487433 -0.0173168 -0.0781313 -0.0761294 -0.0839941 -0.103387 -0.138367 -0.146482 -0.100171 -0.123741 -0.153243 -0.177344 -0.0745653 0.0584363 0.842130 0.550479 -0.549585 -0.405239 -0.0912662 -0.00100052 0.0282006 0.180892 -0.163498
 72:     72386.790: 5.52255e-10 0.282492 0.234746  1.15166 -0.00243883 -0.0316986 -0.0487487 -0.0172977 -0.0781347 -0.0761287 -0.0839901 -0.103374 -0.138364 -0.146450 -0.100161 -0.123726 -0.153209 -0.177313 -0.0750222 0.0588834 0.842638 0.550503 -0.549995 -0.405524 -0.0913073 -0.000939512 0.0282167 0.180908 -0.163492
 73:     72386.752:  0.00000 0.282477 0.234701  1.15166 -0.00238733 -0.0317558 -0.0489851 -0.0172502 -0.0783006 -0.0762588 -0.0840056 -0.103426 -0.138359 -0.146309 -0.100153 -0.123663 -0.153090 -0.177163 -0.0745988 0.0584671 0.843268 0.550684 -0.549958 -0.405758 -0.0913022 -0.000886624 0.0282276 0.180926 -0.163467
 74:     72386.710:  0.00000 0.282497 0.234727  1.15165 -0.00217510 -0.0317584 -0.0494523 -0.0170071 -0.0786154 -0.0765436 -0.0839968 -0.103510 -0.138420 -0.146021 -0.100131 -0.123552 -0.152926 -0.176945 -0.0749739 0.0588371 0.844808 0.551260 -0.549941 -0.406371 -0.0912950 -0.000774756 0.0282651 0.180986 -0.163393
 75:     72386.633:  0.00000 0.282647 0.234797  1.15178 -0.00112450 -0.0301588 -0.0478821 -0.0167981 -0.0774045 -0.0776742 -0.0836583 -0.103837 -0.138742 -0.146519 -0.100508 -0.124110 -0.153554 -0.177681 -0.0747342 0.0583048 0.845595 0.552376 -0.551264 -0.407479 -0.0912435 -0.000816740 0.0284004 0.181243 -0.163138
 76:     72386.537:  0.00000 0.282537 0.234753  1.15109 -0.00288666 -0.0324120 -0.0513000 -0.0167963 -0.0789588 -0.0760534 -0.0844277 -0.104291 -0.138247 -0.143720 -0.100208 -0.122939 -0.150733 -0.174626 -0.0747055 0.0587469 0.847489 0.554235 -0.552539 -0.409027 -0.0911889 -0.000782414 0.0286858 0.181864 -0.162595
 77:     72386.512: 3.94121e-10 0.282489 0.234699  1.15125 -0.00283823 -0.0323595 -0.0512051 -0.0167867 -0.0789262 -0.0760506 -0.0844024 -0.104236 -0.138242 -0.143783 -0.100188 -0.122946 -0.150785 -0.174691 -0.0744060 0.0583254 0.848023 0.554235 -0.553080 -0.409344 -0.0913096 -0.000711052 0.0287041 0.181882 -0.162588
 78:     72386.473:  0.00000 0.282514 0.234737  1.15132 -0.00284673 -0.0324174 -0.0509582 -0.0167639 -0.0788755 -0.0758920 -0.0843627 -0.104060 -0.138201 -0.143983 -0.100109 -0.122968 -0.151002 -0.174941 -0.0747759 0.0587189 0.848394 0.554408 -0.553527 -0.409605 -0.0913216 -0.000644727 0.0287363 0.181944 -0.162540
 79:     72386.420:  0.00000 0.282501 0.234716  1.15139 -0.00289107 -0.0325713 -0.0503865 -0.0167129 -0.0787268 -0.0754774 -0.0842297 -0.103643 -0.138084 -0.144467 -0.0999172 -0.123036 -0.151529 -0.175529 -0.0744167 0.0583859 0.849235 0.554859 -0.554468 -0.410204 -0.0913288 -0.000514684 0.0288141 0.182092 -0.162425
 80:     72386.321:  0.00000 0.282498 0.234724  1.15140 -0.00295773 -0.0325741 -0.0489154 -0.0168794 -0.0780891 -0.0746788 -0.0839710 -0.102893 -0.137949 -0.145579 -0.0997685 -0.123286 -0.152674 -0.176754 -0.0748239 0.0588216 0.850445 0.555996 -0.556343 -0.411423 -0.0913698 -0.000352957 0.0290137 0.182485 -0.162117
 81:     72386.210:  0.00000 0.282578 0.234662  1.15313 -0.00117342 -0.0292432 -0.0474761 -0.0172574 -0.0772876 -0.0779839 -0.0845346 -0.104393 -0.139560 -0.145961 -0.100506 -0.123832 -0.152420 -0.176675 -0.0751453 0.0576444 0.850314 0.556937 -0.560972 -0.413432 -0.0914960 -0.000443351 0.0293707 0.183079 -0.161708
 82:     72386.071:  0.00000 0.282460 0.234982  1.15247 -0.000615299 -0.0298475 -0.0475614 -0.0165770 -0.0777294 -0.0783009 -0.0833013 -0.103376 -0.138620 -0.147580 -0.100333 -0.124379 -0.154628 -0.179022 -0.0753558 0.0583624 0.855952 0.560018 -0.559881 -0.415320 -0.0912551 -0.000278393 0.0296005 0.183508 -0.161342
 83:     72386.069:  0.00000 0.282610 0.234708  1.15229 -0.000739061 -0.0301131 -0.0475117 -0.0167006 -0.0777349 -0.0781030 -0.0832214 -0.103258 -0.138536 -0.147797 -0.100385 -0.124426 -0.154890 -0.179177 -0.0746073 0.0576589 0.856740 0.560350 -0.560193 -0.415762 -0.0912867 -0.000158231 0.0296454 0.183602 -0.161271
 84:     72386.020:  0.00000 0.282624 0.234790  1.15231 -0.000770557 -0.0301544 -0.0475164 -0.0167323 -0.0777407 -0.0780646 -0.0832329 -0.103254 -0.138538 -0.147799 -0.100392 -0.124419 -0.154886 -0.179154 -0.0751213 0.0582088 0.856883 0.560406 -0.560354 -0.415849 -0.0912928 -0.000127009 0.0296540 0.183617 -0.161261
 85:     72385.990:  0.00000 0.282554 0.234867  1.15239 -0.000966257 -0.0303807 -0.0475461 -0.0169498 -0.0777872 -0.0778489 -0.0833534 -0.103235 -0.138562 -0.147825 -0.100396 -0.124384 -0.154860 -0.179052 -0.0746782 0.0578839 0.857733 0.560731 -0.561281 -0.416387 -0.0912986 4.78747e-05 0.0297061 0.183709 -0.161201
 86:     72385.933:  0.00000 0.282768 0.234975  1.15216 -0.00177179 -0.0313861 -0.0471352 -0.0178340 -0.0778347 -0.0771025 -0.0837352 -0.103240 -0.138593 -0.148712 -0.100272 -0.124618 -0.155743 -0.179742 -0.0747888 0.0585364 0.858807 0.561983 -0.561968 -0.417143 -0.0912188 0.000414423 0.0298838 0.184154 -0.160869
 87:     72385.896:  0.00000 0.282614 0.234714  1.15264 -0.00200460 -0.0320966 -0.0493320 -0.0141580 -0.0794419 -0.0775685 -0.0829256 -0.102291 -0.138576 -0.148206 -0.101424 -0.125685 -0.156313 -0.182135 -0.0747666 0.0579413 0.859082 0.563255 -0.563995 -0.418469 -0.0912555 0.000503645 0.0301408 0.184753 -0.160445
 88:     72385.761:  0.00000 0.282226 0.234569  1.15294 -0.00254828 -0.0316646 -0.0467592 -0.0218694 -0.0775254 -0.0785418 -0.0861021 -0.105319 -0.140933 -0.149716 -0.101747 -0.125175 -0.156123 -0.178005 -0.0749476 0.0577508 0.864011 0.566667 -0.564617 -0.421332 -0.0912686 0.000148670 0.0306320 0.186024 -0.159469
 89:     72385.759: 4.35494e-10 0.282664 0.234958  1.15312 -0.00256244 -0.0316836 -0.0468563 -0.0217617 -0.0775822 -0.0785136 -0.0860784 -0.105293 -0.140898 -0.149635 -0.101731 -0.125159 -0.156051 -0.178000 -0.0755611 0.0585321 0.864261 0.566707 -0.565010 -0.421439 -0.0912794 0.000189890 0.0306426 0.186035 -0.159465
 90:     72385.714: 5.13662e-10 0.282647 0.234904  1.15314 -0.00257010 -0.0316929 -0.0468920 -0.0217287 -0.0776044 -0.0785070 -0.0860731 -0.105287 -0.140889 -0.149611 -0.101728 -0.125157 -0.156030 -0.178001 -0.0751306 0.0581000 0.864344 0.566700 -0.565145 -0.421500 -0.0912790 0.000204019 0.0306462 0.186039 -0.159463
 91:     72385.656: 1.10446e-09 0.282661 0.234739  1.15345 -0.00266763 -0.0318142 -0.0473707 -0.0212708 -0.0779002 -0.0784105 -0.0859924 -0.105198 -0.140755 -0.149275 -0.101683 -0.125113 -0.155734 -0.178011 -0.0746909 0.0577967 0.865481 0.566685 -0.566983 -0.422286 -0.0913015 0.000398095 0.0306963 0.186090 -0.159441
 92:     72385.604:  0.00000 0.282768 0.234991  1.15316 -0.00284009 -0.0310407 -0.0473377 -0.0218086 -0.0777628 -0.0788301 -0.0853771 -0.107541 -0.138706 -0.148778 -0.0989492 -0.124595 -0.154831 -0.178956 -0.0747266 0.0586217 0.866521 0.567566 -0.568036 -0.423278 -0.0912457 0.000149191 0.0308534 0.186574 -0.159027
 93:     72385.540:  0.00000 0.282715 0.235000  1.15271 -0.00187380 -0.0309197 -0.0474828 -0.0212472 -0.0778116 -0.0785087 -0.0849354 -0.104249 -0.139753 -0.149283 -0.100946 -0.124134 -0.154924 -0.176966 -0.0746309 0.0583408 0.867735 0.568543 -0.568839 -0.424072 -0.0912370 0.000193762 0.0309853 0.186925 -0.158725
 94:     72385.528: 4.38304e-10 0.282698 0.234910  1.15272 -0.00190265 -0.0309556 -0.0475577 -0.0211483 -0.0778574 -0.0784753 -0.0849384 -0.104247 -0.139745 -0.149206 -0.100947 -0.124142 -0.154879 -0.176986 -0.0749480 0.0585199 0.867939 0.568605 -0.569190 -0.424232 -0.0912842 0.000237222 0.0309958 0.186935 -0.158720
 95:     72385.513:  0.00000 0.282678 0.234904  1.15274 -0.00192314 -0.0309986 -0.0475720 -0.0210598 -0.0778528 -0.0783913 -0.0849424 -0.104356 -0.139664 -0.149089 -0.100843 -0.124175 -0.154839 -0.177086 -0.0747543 0.0581873 0.868141 0.568759 -0.569435 -0.424362 -0.0912883 0.000306676 0.0310113 0.186959 -0.158703
 96:     72385.492:  0.00000 0.282692 0.234913  1.15276 -0.00198193 -0.0311001 -0.0475266 -0.0208909 -0.0777740 -0.0781388 -0.0849395 -0.104681 -0.139383 -0.148818 -0.100528 -0.124305 -0.154757 -0.177388 -0.0751495 0.0582728 0.868616 0.569207 -0.569845 -0.424662 -0.0912921 0.000479087 0.0310560 0.187034 -0.158645
 97:     72385.455:  0.00000 0.282687 0.234865  1.15259 -0.00248302 -0.0311578 -0.0471873 -0.0205095 -0.0775292 -0.0778683 -0.0849227 -0.105454 -0.138927 -0.148362 -0.0999227 -0.124081 -0.154700 -0.178056 -0.0749971 0.0578612 0.869567 0.570253 -0.570511 -0.425404 -0.0912733 0.000708467 0.0311855 0.187268 -0.158453
 98:     72385.396:  0.00000 0.282889 0.235112  1.15219 -0.00119734 -0.0313107 -0.0476140 -0.0209978 -0.0777512 -0.0776854 -0.0851877 -0.105626 -0.140372 -0.148434 -0.0992107 -0.125463 -0.154760 -0.177452 -0.0739891 0.0592624 0.870682 0.571893 -0.572579 -0.427308 -0.0911339 0.000172818 0.0315393 0.188015 -0.157828
 99:     72385.344:  0.00000 0.282598 0.234820  1.15214 -0.00310992 -0.0310026 -0.0471878 -0.0208434 -0.0776222 -0.0788021 -0.0856052 -0.105893 -0.138601 -0.148230 -0.101528 -0.123564 -0.154374 -0.177934 -0.0741197 0.0585943 0.871692 0.572582 -0.573847 -0.428498 -0.0913522 0.000528930 0.0317039 0.188401 -0.157500
100:     72385.327:  0.00000 0.282881 0.235106  1.15329 -0.00499457 -0.0308676 -0.0473812 -0.0205256 -0.0776646 -0.0789735 -0.0851440 -0.105521 -0.138319 -0.148365 -0.101294 -0.121920 -0.154343 -0.177740 -0.0758764 0.0582701 0.873341 0.574244 -0.574741 -0.429421 -0.0912902 0.00149913 0.0319053 0.188992 -0.156962
101:     72385.265:  0.00000 0.282769 0.234939  1.15388 -0.00310273 -0.0314820 -0.0483181 -0.0208939 -0.0781078 -0.0776955 -0.0847889 -0.105084 -0.138921 -0.148351 -0.0993915 -0.124044 -0.154218 -0.177298 -0.0761719 0.0565725 0.874067 0.574700 -0.574976 -0.429679 -0.0913611 0.00203268 0.0319454 0.189214 -0.156747
102:     72385.240:  0.00000 0.282678 0.235034  1.15340 -0.000870051 -0.0318847 -0.0476861 -0.0211570 -0.0781464 -0.0775158 -0.0856219 -0.105812 -0.136676 -0.147757 -0.101293 -0.124205 -0.153620 -0.178389 -0.0760162 0.0573021 0.874923 0.575215 -0.575414 -0.430284 -0.0913194 0.00137261 0.0320205 0.189513 -0.156467
103:     72385.203:  0.00000 0.282681 0.234998  1.15216 -0.00599156 -0.0296483 -0.0468565 -0.0185592 -0.0768087 -0.0799410 -0.0841461 -0.106337 -0.139212 -0.147722 -0.0998234 -0.121285 -0.154790 -0.178162 -0.0745246 0.0583320 0.876819 0.575975 -0.576773 -0.431624 -0.0912354 0.000384320 0.0321641 0.190124 -0.155892
104:     72385.194: 2.90437e-10 0.282753 0.235028  1.15222 -0.00593048 -0.0296834 -0.0469055 -0.0185373 -0.0768462 -0.0798867 -0.0841529 -0.106289 -0.139207 -0.147693 -0.0998355 -0.121333 -0.154755 -0.178142 -0.0747622 0.0585341 0.876912 0.576043 -0.576972 -0.431658 -0.0912551 0.000410231 0.0321695 0.190129 -0.155890
105:     72385.186: 4.50818e-10 0.282765 0.235019  1.15227 -0.00586218 -0.0297251 -0.0469628 -0.0185142 -0.0768905 -0.0798267 -0.0841625 -0.106235 -0.139204 -0.147661 -0.0998509 -0.121389 -0.154717 -0.178122 -0.0745941 0.0582998 0.877018 0.576106 -0.577199 -0.431715 -0.0912671 0.000440007 0.0321757 0.190135 -0.155887
106:     72385.169:  0.00000 0.282813 0.235028  1.15238 -0.00582275 -0.0297242 -0.0470726 -0.0185658 -0.0769562 -0.0796574 -0.0841804 -0.106089 -0.139261 -0.147589 -0.0997134 -0.121767 -0.154614 -0.178024 -0.0748957 0.0584424 0.877187 0.576262 -0.577618 -0.431873 -0.0912769 0.000721457 0.0322014 0.190209 -0.155819
107:     72385.138:  0.00000 0.282856 0.234992  1.15257 -0.00551187 -0.0298745 -0.0472958 -0.0186492 -0.0770766 -0.0792055 -0.0842040 -0.105934 -0.139552 -0.147611 -0.0993112 -0.122315 -0.154487 -0.177905 -0.0748391 0.0580128 0.877514 0.576666 -0.578331 -0.432277 -0.0912748 0.00152569 0.0322779 0.190431 -0.155603
108:     72385.108:  0.00000 0.282904 0.235089  1.15293 -0.00393403 -0.0312386 -0.0473393 -0.0187536 -0.0773580 -0.0788400 -0.0843179 -0.106011 -0.139101 -0.147673 -0.100200 -0.120770 -0.155143 -0.178040 -0.0752602 0.0580474 0.878060 0.577475 -0.579226 -0.432945 -0.0912438 0.000770042 0.0324034 0.190680 -0.155344
109:     72385.071:  0.00000 0.282705 0.235103  1.15286 -0.00584337 -0.0292379 -0.0472085 -0.0192333 -0.0775204 -0.0787936 -0.0845895 -0.103892 -0.137139 -0.147745 -0.100704 -0.125089 -0.153056 -0.178325 -0.0752701 0.0577895 0.879679 0.578676 -0.579875 -0.434033 -0.0912484 -0.000180514 0.0325712 0.191013 -0.154984
110:     72385.048: 2.11519e-09 0.283163 0.234749  1.15276 -0.00549107 -0.0295386 -0.0475132 -0.0190408 -0.0777093 -0.0785968 -0.0846136 -0.103893 -0.137384 -0.147582 -0.100708 -0.124977 -0.153061 -0.178209 -0.0753936 0.0579720 0.880215 0.578708 -0.581067 -0.434615 -0.0913826 1.98342e-06 0.0326024 0.191045 -0.154970
111:     72385.021:  0.00000 0.282740 0.235050  1.15279 -0.00499395 -0.0295603 -0.0478753 -0.0186982 -0.0777566 -0.0783456 -0.0842767 -0.104056 -0.137943 -0.147545 -0.100222 -0.124838 -0.153356 -0.178190 -0.0750333 0.0575892 0.880689 0.579048 -0.581470 -0.434925 -0.0913378 0.000712330 0.0326481 0.191132 -0.154882
112:     72385.001:  0.00000 0.282730 0.235010  1.15277 -0.00468874 -0.0295539 -0.0480838 -0.0182414 -0.0777442 -0.0782500 -0.0838867 -0.103987 -0.138428 -0.147575 -0.0997262 -0.124807 -0.153527 -0.178125 -0.0754756 0.0579774 0.881182 0.579446 -0.581698 -0.435250 -0.0913165 0.00174463 0.0327065 0.191235 -0.154779
113:     72384.974:  0.00000 0.282860 0.234873  1.15272 -0.00426664 -0.0301306 -0.0479429 -0.0179166 -0.0777953 -0.0785130 -0.0838036 -0.103758 -0.138410 -0.147309 -0.0997388 -0.124113 -0.153872 -0.177870 -0.0752746 0.0576764 0.881568 0.579925 -0.582310 -0.435734 -0.0913135 0.00230411 0.0327992 0.191392 -0.154636
114:     72384.960:  0.00000 0.282842 0.235164  1.15279 -0.00414924 -0.0296239 -0.0484164 -0.0179248 -0.0777453 -0.0776758 -0.0837966 -0.103994 -0.138649 -0.147671 -0.100256 -0.123574 -0.153564 -0.178123 -0.0754103 0.0579223 0.881854 0.580296 -0.582822 -0.435962 -0.0912708 0.00192379 0.0328492 0.191491 -0.154549
115:     72384.930:  0.00000 0.282719 0.234956  1.15265 -0.00371688 -0.0306499 -0.0481541 -0.0174556 -0.0779985 -0.0781687 -0.0833763 -0.104275 -0.139003 -0.147031 -0.0987941 -0.123685 -0.154363 -0.177677 -0.0754724 0.0575538 0.882470 0.581155 -0.584075 -0.436871 -0.0913116 0.000352291 0.0330100 0.191873 -0.154206
116:     72384.897:  0.00000 0.283188 0.235155  1.15286 -0.00318955 -0.0309826 -0.0486021 -0.0178680 -0.0769292 -0.0783233 -0.0845958 -0.103585 -0.138210 -0.146971 -0.100247 -0.121938 -0.153081 -0.178467 -0.0749794 0.0580485 0.882970 0.582000 -0.585428 -0.437694 -0.0912132 0.00598852 0.0332193 0.192341 -0.153790
117:     72384.884: 5.33741e-10 0.282724 0.235108  1.15262 -0.00317253 -0.0310175 -0.0486480 -0.0178590 -0.0770088 -0.0782793 -0.0846042 -0.103597 -0.138247 -0.146950 -0.100266 -0.122020 -0.153084 -0.178427 -0.0751306 0.0579328 0.883134 0.581928 -0.585701 -0.437973 -0.0912930 0.00596634 0.0332278 0.192350 -0.153786
118:     72384.874: 8.33448e-10 0.283050 0.235065  1.15276 -0.00311283 -0.0310424 -0.0486875 -0.0178089 -0.0771027 -0.0781736 -0.0845809 -0.103582 -0.138271 -0.146879 -0.100260 -0.122117 -0.153053 -0.178324 -0.0750482 0.0580070 0.883424 0.582161 -0.586115 -0.438098 -0.0912480 0.00592796 0.0332419 0.192365 -0.153780
119:     72384.861:  0.00000 0.282608 0.235254  1.15263 -0.00313103 -0.0308113 -0.0485509 -0.0176910 -0.0776784 -0.0777292 -0.0841827 -0.103919 -0.138180 -0.146914 -0.100559 -0.122257 -0.153301 -0.177911 -0.0751157 0.0579121 0.883846 0.582344 -0.586590 -0.438480 -0.0912983 0.00587323 0.0332719 0.192421 -0.153735
120:     72384.844:  0.00000 0.283118 0.234992  1.15264 -0.00304486 -0.0300296 -0.0484799 -0.0173759 -0.0783992 -0.0766704 -0.0832528 -0.104423 -0.138146 -0.147174 -0.100974 -0.121949 -0.153733 -0.177473 -0.0752886 0.0579599 0.884930 0.583120 -0.586951 -0.438996 -0.0912793 0.00462306 0.0333655 0.192631 -0.153554
121:     72384.828:  0.00000 0.282848 0.235222  1.15255 -0.00284349 -0.0305755 -0.0488490 -0.0172444 -0.0773836 -0.0773288 -0.0837514 -0.103440 -0.138507 -0.147013 -0.100085 -0.121815 -0.153276 -0.177948 -0.0751492 0.0575733 0.885737 0.583626 -0.587261 -0.439402 -0.0912742 0.00310336 0.0334200 0.192753 -0.153453
122:     72384.827:  0.00000 0.282907 0.235227  1.15253 -0.00272754 -0.0317942 -0.0484098 -0.0170426 -0.0768728 -0.0787463 -0.0840817 -0.102500 -0.138371 -0.146255 -0.0989555 -0.122134 -0.153440 -0.177722 -0.0755879 0.0579229 0.886230 0.584035 -0.587627 -0.439765 -0.0912686 0.00254637 0.0334788 0.192882 -0.153348
123:     72384.808:  0.00000 0.282866 0.235161  1.15244 -0.00273469 -0.0314942 -0.0483572 -0.0169540 -0.0769697 -0.0783818 -0.0838168 -0.102863 -0.138454 -0.146335 -0.0989715 -0.122234 -0.153337 -0.177640 -0.0752785 0.0576394 0.886327 0.584275 -0.587827 -0.440028 -0.0912627 0.00364103 0.0335458 0.193033 -0.153220
124:     72384.800:  0.00000 0.282863 0.235086  1.15232 -0.00263095 -0.0300112 -0.0491035 -0.0170226 -0.0770738 -0.0768035 -0.0837094 -0.103683 -0.138964 -0.146826 -0.0992971 -0.121933 -0.153014 -0.178150 -0.0754328 0.0578594 0.886556 0.584649 -0.588160 -0.440410 -0.0912714 0.00449513 0.0336360 0.193244 -0.153036
125:     72384.790:  0.00000 0.282773 0.235430  1.15240 -0.00349016 -0.0309094 -0.0466105 -0.0169561 -0.0790450 -0.0775085 -0.0825709 -0.104742 -0.136958 -0.145972 -0.100342 -0.122952 -0.154485 -0.175741 -0.0751321 0.0578900 0.886479 0.585435 -0.589427 -0.441203 -0.0912063 0.00516118 0.0338456 0.193792 -0.152562
126:     72384.781: 3.48666e-10 0.282941 0.235041  1.15236 -0.00345358 -0.0309207 -0.0466807 -0.0169565 -0.0790299 -0.0774796 -0.0826130 -0.104702 -0.137001 -0.145965 -0.100335 -0.122967 -0.154430 -0.175769 -0.0751461 0.0578831 0.886605 0.585440 -0.589595 -0.441323 -0.0912526 0.00515166 0.0338510 0.193798 -0.152560
127:     72384.774: 6.97854e-10 0.282841 0.235286  1.15238 -0.00338728 -0.0309333 -0.0467889 -0.0169504 -0.0789980 -0.0774258 -0.0826761 -0.104629 -0.137067 -0.145949 -0.100317 -0.122986 -0.154335 -0.175808 -0.0751368 0.0579233 0.886813 0.585517 -0.589866 -0.441455 -0.0912674 0.00513577 0.0338601 0.193808 -0.152556
128:     72384.764:  0.00000 0.283004 0.234962  1.15238 -0.00330682 -0.0309942 -0.0469262 -0.0169652 -0.0788961 -0.0774366 -0.0828135 -0.104454 -0.137208 -0.145922 -0.100193 -0.122952 -0.154139 -0.175985 -0.0750342 0.0578103 0.887234 0.585785 -0.590275 -0.441755 -0.0912669 0.00473103 0.0338973 0.193896 -0.152481
129:     72384.751:  0.00000 0.282928 0.235223  1.15238 -0.00327789 -0.0311396 -0.0469943 -0.0169352 -0.0786900 -0.0775716 -0.0828745 -0.104284 -0.137283 -0.145925 -0.100024 -0.122928 -0.154010 -0.176131 -0.0752296 0.0579671 0.887639 0.586136 -0.590546 -0.442035 -0.0912660 0.00424622 0.0339464 0.194021 -0.152370
130:     72384.742:  0.00000 0.282917 0.235224  1.15236 -0.00323150 -0.0311405 -0.0472088 -0.0169000 -0.0784082 -0.0776468 -0.0830430 -0.104107 -0.137310 -0.145900 -0.0998301 -0.122876 -0.154051 -0.176273 -0.0750532 0.0577283 0.888071 0.586499 -0.590812 -0.442349 -0.0912660 0.00384085 0.0339987 0.194159 -0.152246
131:     72384.731:  0.00000 0.282951 0.235223  1.15233 -0.00317056 -0.0313621 -0.0471633 -0.0167861 -0.0782760 -0.0778960 -0.0829822 -0.103917 -0.137467 -0.145928 -0.0995422 -0.122879 -0.153871 -0.176429 -0.0752484 0.0578670 0.888576 0.586903 -0.591010 -0.442685 -0.0912672 0.00379336 0.0340553 0.194316 -0.152096
132:     72384.716:  0.00000 0.282932 0.235229  1.15232 -0.00305265 -0.0312312 -0.0474371 -0.0169700 -0.0781271 -0.0782202 -0.0832845 -0.103401 -0.137674 -0.145367 -0.0990378 -0.122691 -0.154201 -0.176838 -0.0751508 0.0576458 0.889432 0.587662 -0.591571 -0.443378 -0.0912680 0.00338304 0.0341685 0.194670 -0.151741
133:     72384.709:  0.00000 0.282935 0.235202  1.15239 -0.00300531 -0.0324933 -0.0476319 -0.0155696 -0.0766225 -0.0783382 -0.0830800 -0.104418 -0.137466 -0.147726 -0.0991796 -0.123122 -0.152982 -0.176036 -0.0753010 0.0577186 0.889918 0.588112 -0.592166 -0.443883 -0.0912725 0.00269189 0.0342359 0.194898 -0.151494
134:     72384.666: 8.52935e-09 0.282810 0.234776  1.15241 -0.00254798 -0.0319507 -0.0482557 -0.0161291 -0.0773687 -0.0774475 -0.0834769 -0.103835 -0.137888 -0.146766 -0.0995223 -0.123223 -0.152691 -0.176287 -0.0747372 0.0580696 0.891552 0.588493 -0.594788 -0.445199 -0.0912268 0.00293158 0.0343133 0.194978 -0.151458
135:     72384.662: 5.84216e-09 0.282916 0.235373  1.15245 -0.00252844 -0.0319280 -0.0482753 -0.0161459 -0.0773924 -0.0774112 -0.0834890 -0.103811 -0.137900 -0.146728 -0.0995314 -0.123224 -0.152678 -0.176293 -0.0750666 0.0583565 0.891627 0.588659 -0.594890 -0.445213 -0.0912643 0.00294598 0.0343183 0.194983 -0.151455
136:     72384.647:  0.00000 0.282948 0.235254  1.15233 -0.00256443 -0.0317710 -0.0482554 -0.0161650 -0.0774368 -0.0772587 -0.0835181 -0.103660 -0.137975 -0.146640 -0.0996143 -0.123154 -0.152596 -0.176386 -0.0747760 0.0580329 0.891964 0.588931 -0.595096 -0.445394 -0.0912560 0.00302864 0.0343517 0.195039 -0.151411
137:     72384.642:  0.00000 0.282968 0.235205  1.15246 -0.00267618 -0.0318828 -0.0484197 -0.0163649 -0.0776871 -0.0776914 -0.0835975 -0.103778 -0.138174 -0.146687 -0.0998147 -0.123269 -0.152619 -0.176568 -0.0748993 0.0581123 0.892120 0.589084 -0.595218 -0.445493 -0.0912596 0.00311233 0.0343690 0.195066 -0.151392
138:     72384.627: 6.49349e-09 0.282793 0.235412  1.15260 -0.00247552 -0.0317036 -0.0486497 -0.0165425 -0.0779175 -0.0772672 -0.0837512 -0.103586 -0.138272 -0.146350 -0.0998776 -0.123321 -0.152554 -0.176603 -0.0749824 0.0576347 0.892976 0.590436 -0.596394 -0.446167 -0.0913317 0.00325274 0.0344248 0.195124 -0.151366
139:     72384.615:  0.00000 0.282834 0.235341  1.15236 -0.00219193 -0.0311002 -0.0487222 -0.0165002 -0.0776814 -0.0765097 -0.0838647 -0.103040 -0.137967 -0.145733 -0.0996947 -0.123097 -0.152762 -0.176420 -0.0755959 0.0579179 0.893730 0.591397 -0.597327 -0.446810 -0.0913541 0.00335115 0.0344805 0.195191 -0.151324
140:     72384.585:  0.00000 0.282844 0.235244  1.15211 -0.00205613 -0.0307313 -0.0487641 -0.0169603 -0.0778539 -0.0760720 -0.0836262 -0.102446 -0.137929 -0.145022 -0.0997723 -0.122891 -0.152984 -0.176727 -0.0753044 0.0575480 0.894802 0.592266 -0.598079 -0.447577 -0.0913518 0.00383510 0.0346050 0.195369 -0.151191
141:     72384.575:  0.00000 0.282948 0.235328  1.15184 -0.00174826 -0.0305977 -0.0479216 -0.0168031 -0.0786289 -0.0757091 -0.0834860 -0.101916 -0.138104 -0.144976 -0.0994205 -0.122438 -0.152026 -0.176994 -0.0754717 0.0577035 0.895684 0.592910 -0.598475 -0.448210 -0.0913242 0.00423217 0.0347203 0.195541 -0.151066
142:     72384.560:  0.00000 0.282955 0.235461  1.15167 -0.00144299 -0.0295212 -0.0494476 -0.0169333 -0.0767629 -0.0750006 -0.0835183 -0.101357 -0.136687 -0.144009 -0.0992957 -0.122526 -0.153807 -0.176195 -0.0754282 0.0575484 0.896950 0.594147 -0.599721 -0.449457 -0.0913113 0.00467305 0.0349392 0.195858 -0.150851
143:     72384.556: 4.58275e-10 0.283036 0.235174  1.15163 -0.00143928 -0.0295494 -0.0494178 -0.0169113 -0.0767895 -0.0750171 -0.0835133 -0.101389 -0.136718 -0.144037 -0.0992958 -0.122532 -0.153746 -0.176189 -0.0753769 0.0575698 0.897017 0.594103 -0.599808 -0.449625 -0.0912738 0.00466759 0.0349431 0.195863 -0.150849
144:     72384.553: 8.58433e-10 0.282965 0.235375  1.15165 -0.00142834 -0.0295864 -0.0493680 -0.0168728 -0.0768227 -0.0750363 -0.0835007 -0.101432 -0.136759 -0.144073 -0.0992903 -0.122535 -0.153650 -0.176173 -0.0753567 0.0577182 0.897118 0.594114 -0.599936 -0.449798 -0.0912504 0.00466006 0.0349491 0.195870 -0.150846
145:     72384.550:  0.00000 0.283005 0.235241  1.15163 -0.00140016 -0.0296025 -0.0492750 -0.0168389 -0.0768533 -0.0750066 -0.0834526 -0.101424 -0.136792 -0.144072 -0.0992703 -0.122501 -0.153508 -0.176171 -0.0751913 0.0576048 0.897217 0.594179 -0.600061 -0.449933 -0.0912532 0.00463188 0.0349596 0.195887 -0.150835
146:     72384.546:  0.00000 0.282992 0.235280  1.15160 -0.00136195 -0.0296040 -0.0491576 -0.0168106 -0.0768659 -0.0749400 -0.0833710 -0.101384 -0.136816 -0.144035 -0.0992461 -0.122445 -0.153343 -0.176174 -0.0753061 0.0577347 0.897317 0.594283 -0.600190 -0.450045 -0.0912564 0.00458327 0.0349728 0.195910 -0.150819
147:     72384.541:  0.00000 0.282965 0.235302  1.15153 -0.00127015 -0.0295882 -0.0488776 -0.0167200 -0.0769305 -0.0747851 -0.0832472 -0.101278 -0.136858 -0.143972 -0.0991681 -0.122305 -0.152975 -0.176173 -0.0752065 0.0576387 0.897539 0.594515 -0.600458 -0.450283 -0.0912600 0.00448656 0.0350037 0.195966 -0.150783
148:     72384.534:  0.00000 0.282917 0.235347  1.15132 -0.00106726 -0.0294505 -0.0482872 -0.0164402 -0.0770527 -0.0743898 -0.0831708 -0.100976 -0.136839 -0.143846 -0.0989335 -0.121979 -0.152314 -0.176104 -0.0753929 0.0577096 0.897989 0.595042 -0.600922 -0.450643 -0.0912736 0.00431788 0.0350816 0.196127 -0.150676
149:     72384.528:  0.00000 0.283042 0.235225  1.15110 -0.00103269 -0.0296692 -0.0481131 -0.0165507 -0.0764454 -0.0742297 -0.0821917 -0.100929 -0.136879 -0.143622 -0.0990355 -0.122019 -0.151918 -0.176118 -0.0752959 0.0575799 0.898427 0.595364 -0.601199 -0.450955 -0.0912902 0.00439896 0.0351804 0.196382 -0.150499
150:     72384.523:  0.00000 0.283047 0.235286  1.15104 -0.000928016 -0.0293705 -0.0479723 -0.0159944 -0.0768788 -0.0742177 -0.0832023 -0.100896 -0.136648 -0.144031 -0.0986440 -0.121875 -0.151965 -0.175831 -0.0753205 0.0577141 0.898745 0.595482 -0.601311 -0.451153 -0.0912720 0.00448926 0.0352361 0.196536 -0.150389
151:     72384.523: 6.99123e-10 0.283008 0.235287  1.15106 -0.000918629 -0.0293875 -0.0479642 -0.0159769 -0.0768832 -0.0742413 -0.0831843 -0.100928 -0.136664 -0.144041 -0.0986432 -0.121881 -0.151932 -0.175812 -0.0751474 0.0576373 0.898812 0.595504 -0.601410 -0.451259 -0.0912529 0.00448554 0.0352404 0.196541 -0.150386
152:     72384.520:  0.00000 0.283006 0.235300  1.15106 -0.000916115 -0.0294073 -0.0479653 -0.0160289 -0.0768438 -0.0742391 -0.0830573 -0.100938 -0.136689 -0.143992 -0.0986731 -0.121874 -0.151882 -0.175836 -0.0752394 0.0577633 0.898856 0.595537 -0.601486 -0.451329 -0.0912515 0.00444518 0.0352464 0.196560 -0.150370
153:     72384.518:  0.00000 0.283004 0.235282  1.15106 -0.000907908 -0.0294356 -0.0479518 -0.0161212 -0.0767709 -0.0742259 -0.0828195 -0.100960 -0.136738 -0.143883 -0.0987301 -0.121846 -0.151763 -0.175867 -0.0751167 0.0577093 0.899001 0.595648 -0.601718 -0.451533 -0.0912528 0.00432647 0.0352659 0.196622 -0.150317
154:     72384.512:  0.00000 0.282960 0.235266  1.15095 -0.000870734 -0.0292442 -0.0477684 -0.0160984 -0.0768047 -0.0739810 -0.0828134 -0.100793 -0.136722 -0.143659 -0.0986592 -0.121642 -0.151589 -0.175844 -0.0752585 0.0577543 0.899388 0.596078 -0.602163 -0.451821 -0.0912726 0.00414169 0.0353343 0.196881 -0.150096
155:     72384.508:  0.00000 0.283146 0.235311  1.15062 -0.000756402 -0.0291793 -0.0473112 -0.0154007 -0.0768983 -0.0738986 -0.0830229 -0.100590 -0.136617 -0.144080 -0.0980693 -0.121682 -0.151325 -0.175523 -0.0751885 0.0576651 0.900201 0.596563 -0.602215 -0.452169 -0.0913025 0.00531506 0.0354582 0.197291 -0.149745
156:     72384.503:  0.00000 0.282987 0.235507  1.15059 -0.000708252 -0.0295538 -0.0471607 -0.0157649 -0.0763568 -0.0739497 -0.0816818 -0.100621 -0.136591 -0.143885 -0.0983229 -0.121587 -0.150707 -0.175775 -0.0751955 0.0578908 0.900696 0.596946 -0.602559 -0.452788 -0.0912005 0.00492502 0.0355922 0.197650 -0.149401
157:     72384.496:  0.00000 0.282992 0.235187  1.15063 -0.000688962 -0.0293026 -0.0471811 -0.0158937 -0.0764032 -0.0738197 -0.0821486 -0.100618 -0.136324 -0.143644 -0.0985419 -0.121209 -0.150625 -0.175767 -0.0750533 0.0577305 0.900872 0.597339 -0.603290 -0.453284 -0.0911975 0.00334562 0.0356734 0.197899 -0.149150
158:     72384.495:  0.00000 0.282899 0.235224  1.15073 -0.000738324 -0.0288444 -0.0472680 -0.0159957 -0.0765910 -0.0736048 -0.0830786 -0.100595 -0.136486 -0.143263 -0.0986310 -0.121065 -0.150628 -0.175665 -0.0753183 0.0579541 0.901054 0.597807 -0.604197 -0.453746 -0.0911996 0.00216065 0.0356978 0.198142 -0.148820
159:     72384.487:  0.00000 0.282925 0.235311  1.15073 -0.000754399 -0.0288445 -0.0473133 -0.0161382 -0.0765212 -0.0735138 -0.0827654 -0.100588 -0.136889 -0.143046 -0.0985676 -0.121278 -0.150601 -0.175732 -0.0751104 0.0577456 0.901295 0.597992 -0.604465 -0.453908 -0.0912360 0.00278924 0.0356728 0.198180 -0.148696
160:     72384.484:  0.00000 0.283025 0.235292  1.15071 -0.000659158 -0.0289635 -0.0473874 -0.0161616 -0.0764251 -0.0735042 -0.0822777 -0.100615 -0.136866 -0.143119 -0.0984336 -0.121343 -0.150738 -0.175814 -0.0752036 0.0578667 0.901640 0.598115 -0.604521 -0.454075 -0.0912772 0.00353837 0.0356693 0.198163 -0.148633
161:     72384.480:  0.00000 0.282909 0.235291  1.15050 -0.000235921 -0.0292602 -0.0470900 -0.0159782 -0.0764327 -0.0733094 -0.0815299 -0.100456 -0.136016 -0.143408 -0.0983925 -0.120596 -0.150934 -0.176074 -0.0751450 0.0576999 0.902505 0.598775 -0.604810 -0.454664 -0.0912835 0.00390730 0.0358292 0.198198 -0.148435
162:     72384.473:  0.00000 0.283058 0.235411  1.15031 -0.000320101 -0.0290621 -0.0467684 -0.0156579 -0.0757612 -0.0731956 -0.0812663 -0.100239 -0.136365 -0.142912 -0.0985423 -0.120575 -0.150213 -0.175538 -0.0752469 0.0577471 0.902663 0.599488 -0.605660 -0.455277 -0.0911560 0.00342804 0.0360954 0.198569 -0.148003
163:     72384.470: 1.65449e-05 0.283029 0.235161  1.15041 -0.000150796 -0.0284564 -0.0471395 -0.0155497 -0.0759342 -0.0730808 -0.0815325 -0.100478 -0.137194 -0.142688 -0.0979155 -0.121105 -0.149933 -0.175371 -0.0751043 0.0576442 0.903172 0.599682 -0.606255 -0.455639 -0.0912508 0.00439956 0.0361116 0.198982 -0.147622
164:     72384.469:  0.00000 0.283051 0.235407  1.15058 -0.000199180 -0.0285449 -0.0473857 -0.0160370 -0.0767198 -0.0730896 -0.0823121 -0.100827 -0.137305 -0.143061 -0.0978858 -0.121181 -0.150154 -0.175916 -0.0753165 0.0579690 0.903827 0.599849 -0.606703 -0.455899 -0.0913113 0.00360363 0.0359460 0.199328 -0.147338
165:     72384.462:  0.00000 0.283083 0.235373  1.15064 -0.000376287 -0.0288097 -0.0473455 -0.0162045 -0.0768523 -0.0731633 -0.0826166 -0.100877 -0.137192 -0.143239 -0.0980725 -0.121169 -0.150322 -0.176082 -0.0750547 0.0577733 0.904011 0.599936 -0.606864 -0.455995 -0.0913071 0.00297567 0.0358641 0.199440 -0.147240
166:     72384.460: 1.39005e-05 0.283037 0.235316  1.15063 -0.000455302 -0.0289493 -0.0469644 -0.0158094 -0.0765731 -0.0731188 -0.0826408 -0.100562 -0.137104 -0.142997 -0.0981033 -0.121072 -0.150431 -0.175811 -0.0751444 0.0578244 0.904035 0.600192 -0.607015 -0.456138 -0.0912466 0.00342065 0.0358310 0.199425 -0.147222
167:     72384.458:  0.00000 0.283092 0.235379  1.15038 -0.000227898 -0.0287506 -0.0469417 -0.0156940 -0.0764393 -0.0732548 -0.0824452 -0.100623 -0.136829 -0.142924 -0.0981644 -0.120822 -0.150238 -0.175455 -0.0751073 0.0577384 0.904229 0.600352 -0.607203 -0.456407 -0.0912593 0.00301314 0.0360815 0.199450 -0.147123
168:     72384.455:  0.00000 0.283092 0.235395  1.15063 -0.000512018 -0.0284823 -0.0475512 -0.0163511 -0.0769783 -0.0732872 -0.0823081 -0.101025 -0.136897 -0.143551 -0.0979350 -0.121109 -0.150187 -0.175773 -0.0751057 0.0579151 0.904872 0.600761 -0.607791 -0.456759 -0.0912196 0.00234416 0.0365125 0.199565 -0.146860
169:     72384.452:  0.00000 0.282992 0.235363  1.15084 -0.000630463 -0.0289149 -0.0477487 -0.0166268 -0.0772017 -0.0732104 -0.0826429 -0.101478 -0.137643 -0.143527 -0.0982350 -0.121817 -0.150549 -0.176394 -0.0749324 0.0578414 0.905373 0.601194 -0.608229 -0.457099 -0.0912627 0.00316945 0.0363161 0.199580 -0.146731
170:     72384.450:  0.00000 0.283020 0.235292  1.15098 -0.000560646 -0.0298262 -0.0474184 -0.0164618 -0.0769618 -0.0734221 -0.0833856 -0.101792 -0.137899 -0.143223 -0.0988986 -0.122005 -0.150982 -0.176607 -0.0750944 0.0579916 0.905810 0.601457 -0.608473 -0.457571 -0.0913764 0.00340227 0.0356004 0.199860 -0.146474
171:     72384.446:  0.00000 0.283093 0.235330  1.15109 -0.000681991 -0.0295324 -0.0470085 -0.0159905 -0.0766789 -0.0735703 -0.0830201 -0.101059 -0.137408 -0.143149 -0.0981533 -0.121343 -0.150605 -0.175714 -0.0750961 0.0577302 0.905712 0.601505 -0.608606 -0.457888 -0.0913317 0.00371949 0.0353659 0.200149 -0.146310
172:     72384.444:  0.00000 0.283058 0.235421  1.15046 -0.000286179 -0.0289306 -0.0468707 -0.0156104 -0.0765257 -0.0735729 -0.0824154 -0.100542 -0.137281 -0.143124 -0.0979679 -0.121073 -0.150295 -0.175154 -0.0751649 0.0579086 0.905830 0.601936 -0.608878 -0.457786 -0.0911866 0.00437013 0.0363035 0.200144 -0.146418
173:     72384.442:  0.00000 0.283134 0.235354  1.15033 -0.000433359 -0.0291889 -0.0471369 -0.0157543 -0.0768442 -0.0737000 -0.0828016 -0.100879 -0.137178 -0.143795 -0.0986679 -0.121302 -0.150754 -0.175631 -0.0749098 0.0578692 0.906291 0.602252 -0.609041 -0.457769 -0.0911692 0.00343465 0.0370853 0.200163 -0.146504
174:     72384.438:  0.00000 0.283108 0.235352  1.15102 -0.00104837 -0.0294247 -0.0474387 -0.0160445 -0.0771672 -0.0737615 -0.0830651 -0.101461 -0.137062 -0.144047 -0.0985995 -0.121368 -0.150870 -0.176030 -0.0751703 0.0577795 0.906765 0.602518 -0.609459 -0.458545 -0.0912591 0.00272403 0.0365190 0.200362 -0.146277
175:     72384.437:  0.00000 0.283037 0.235472  1.15087 -0.000330057 -0.0290929 -0.0472858 -0.0159001 -0.0766769 -0.0738121 -0.0824940 -0.101344 -0.136821 -0.143188 -0.0980581 -0.121407 -0.150341 -0.175721 -0.0749965 0.0577330 0.907001 0.602756 -0.609802 -0.458910 -0.0912647 0.00331276 0.0359176 0.200485 -0.146057
176:     72384.435:  0.00000 0.283100 0.235384  1.15079 -0.000467335 -0.0295039 -0.0475900 -0.0164854 -0.0764192 -0.0741020 -0.0822074 -0.100803 -0.137253 -0.143391 -0.0977202 -0.121780 -0.150807 -0.175426 -0.0749910 0.0580312 0.907186 0.602914 -0.610498 -0.459185 -0.0912544 0.00428423 0.0357388 0.200779 -0.145604
177:     72384.432:  0.00000 0.283084 0.235357  1.15097 -0.000454942 -0.0291375 -0.0478790 -0.0158969 -0.0769617 -0.0741791 -0.0824558 -0.100966 -0.137917 -0.143781 -0.0986159 -0.121789 -0.151031 -0.175271 -0.0750026 0.0578915 0.907855 0.603232 -0.610359 -0.459361 -0.0912502 0.00430868 0.0366469 0.200630 -0.145526
178:     72384.432: 1.48844e-09 0.283161 0.235507  1.15090 -0.000468531 -0.0291902 -0.0478645 -0.0158622 -0.0769611 -0.0742310 -0.0824701 -0.101027 -0.137846 -0.143816 -0.0986119 -0.121804 -0.151027 -0.175270 -0.0750930 0.0578874 0.907872 0.603292 -0.610447 -0.459427 -0.0912565 0.00430701 0.0366504 0.200634 -0.145525
179:     72384.431: 1.42199e-09 0.283139 0.235424  1.15091 -0.000469612 -0.0291990 -0.0478599 -0.0158537 -0.0769593 -0.0742397 -0.0824712 -0.101037 -0.137830 -0.143822 -0.0986092 -0.121805 -0.151025 -0.175268 -0.0750170 0.0578262 0.907878 0.603318 -0.610465 -0.459427 -0.0912486 0.00430661 0.0366511 0.200635 -0.145524
180:     72384.430:  0.00000 0.283126 0.235407  1.15091 -0.000464106 -0.0292120 -0.0478372 -0.0158316 -0.0769551 -0.0742484 -0.0824949 -0.101061 -0.137777 -0.143827 -0.0985970 -0.121799 -0.151005 -0.175272 -0.0750734 0.0578940 0.907892 0.603365 -0.610504 -0.459439 -0.0912451 0.00431099 0.0366749 0.200634 -0.145526
181:     72384.430:  0.00000 0.283121 0.235407  1.15090 -0.000476325 -0.0292384 -0.0478120 -0.0158229 -0.0769570 -0.0742534 -0.0825408 -0.101089 -0.137724 -0.143844 -0.0985846 -0.121795 -0.150989 -0.175291 -0.0750300 0.0578514 0.907904 0.603410 -0.610555 -0.459460 -0.0912438 0.00431970 0.0367133 0.200636 -0.145526
182:     72384.429:  0.00000 0.283122 0.235412  1.15089 -0.000526172 -0.0293127 -0.0477671 -0.0158211 -0.0769664 -0.0742695 -0.0826446 -0.101150 -0.137623 -0.143895 -0.0985657 -0.121795 -0.150972 -0.175341 -0.0750622 0.0578893 0.907935 0.603509 -0.610673 -0.459512 -0.0912421 0.00433144 0.0367786 0.200650 -0.145523
183:     72384.428:  0.00000 0.283129 0.235431  1.15089 -0.000662272 -0.0294762 -0.0477085 -0.0158925 -0.0769917 -0.0742816 -0.0828545 -0.101225 -0.137494 -0.143963 -0.0985978 -0.121828 -0.151005 -0.175492 -0.0750058 0.0578444 0.908056 0.603699 -0.610892 -0.459631 -0.0912328 0.00421353 0.0367083 0.200762 -0.145516
184:     72384.427:  0.00000 0.283126 0.235400  1.15085 -0.000505995 -0.0294134 -0.0476597 -0.0158042 -0.0768964 -0.0742911 -0.0827490 -0.101220 -0.137358 -0.143795 -0.0986017 -0.121797 -0.150945 -0.175455 -0.0750501 0.0578728 0.908228 0.603844 -0.610980 -0.459791 -0.0912337 0.00396640 0.0365754 0.200909 -0.145533
185:     72384.427:  0.00000 0.283098 0.235411  1.15108 -0.000990041 -0.0296731 -0.0478589 -0.0160758 -0.0770162 -0.0743211 -0.0827832 -0.101317 -0.137683 -0.144109 -0.0986546 -0.121893 -0.151206 -0.175576 -0.0750660 0.0578193 0.908289 0.603973 -0.611282 -0.460022 -0.0912405 0.00410542 0.0370372 0.200975 -0.145449
186:     72384.425: 5.92466e-05 0.283203 0.235407  1.15117 -0.000726779 -0.0295989 -0.0479178 -0.0158900 -0.0770115 -0.0745009 -0.0828865 -0.101579 -0.137438 -0.144265 -0.0985258 -0.122019 -0.151038 -0.175719 -0.0749200 0.0579175 0.908828 0.604235 -0.611591 -0.460315 -0.0912609 0.00436594 0.0368704 0.200904 -0.145104
187:     72384.425: 7.00298e-06 0.283091 0.235433  1.15106 -0.000671763 -0.0295739 -0.0479030 -0.0158714 -0.0770423 -0.0745226 -0.0828810 -0.101572 -0.137392 -0.144245 -0.0985007 -0.122010 -0.151013 -0.175692 -0.0750787 0.0579610 0.908857 0.604287 -0.611652 -0.460431 -0.0912578 0.00439681 0.0367259 0.200871 -0.145110
188:     72384.424:  0.00000 0.283111 0.235413  1.15106 -0.000654224 -0.0295666 -0.0478946 -0.0158621 -0.0770456 -0.0745269 -0.0828730 -0.101567 -0.137376 -0.144233 -0.0984947 -0.122006 -0.151005 -0.175678 -0.0749747 0.0578588 0.908869 0.604322 -0.611668 -0.460444 -0.0912522 0.00439513 0.0366883 0.200866 -0.145114
189:     72384.424:  0.00000 0.283121 0.235416  1.15105 -0.000643686 -0.0295716 -0.0478749 -0.0158635 -0.0770536 -0.0745289 -0.0828597 -0.101543 -0.137360 -0.144206 -0.0984985 -0.122004 -0.151008 -0.175648 -0.0750138 0.0578948 0.908922 0.604369 -0.611709 -0.460463 -0.0912519 0.00434646 0.0365838 0.200892 -0.145105
190:     72384.423:  0.00000 0.283130 0.235415  1.15102 -0.000597571 -0.0295724 -0.0478253 -0.0158486 -0.0770638 -0.0745406 -0.0828276 -0.101498 -0.137311 -0.144131 -0.0985059 -0.121986 -0.150999 -0.175575 -0.0749931 0.0578574 0.909044 0.604484 -0.611811 -0.460528 -0.0912481 0.00424753 0.0364212 0.200963 -0.145081
191:     72384.423:  0.00000 0.283113 0.235419  1.15092 -0.000401418 -0.0294703 -0.0477716 -0.0157883 -0.0770671 -0.0745640 -0.0828364 -0.101479 -0.137194 -0.143935 -0.0985242 -0.121898 -0.150890 -0.175516 -0.0750177 0.0578942 0.909211 0.604701 -0.611970 -0.460721 -0.0912409 0.00421880 0.0367516 0.201172 -0.145026
192:     72384.422:  0.00000 0.283145 0.235423  1.15101 -0.000594866 -0.0296366 -0.0478664 -0.0158674 -0.0770773 -0.0746209 -0.0829126 -0.101612 -0.137339 -0.144097 -0.0986838 -0.122063 -0.151017 -0.175635 -0.0749846 0.0578893 0.909297 0.604785 -0.612045 -0.460780 -0.0912320 0.00418250 0.0363469 0.201180 -0.145013
193:     72384.422: 2.02309e-06 0.283166 0.235420  1.15093 -0.000512614 -0.0297209 -0.0474690 -0.0156330 -0.0769681 -0.0746218 -0.0828167 -0.101416 -0.137247 -0.144275 -0.0982311 -0.121982 -0.150924 -0.175333 -0.0750757 0.0578459 0.909892 0.604983 -0.612521 -0.460904 -0.0913229 0.00412401 0.0368502 0.200760 -0.144874
194:     72384.420:  0.00000 0.283120 0.235411  1.15102 -0.000572760 -0.0297243 -0.0476379 -0.0156204 -0.0771685 -0.0748143 -0.0830840 -0.101610 -0.137287 -0.144582 -0.0982353 -0.121992 -0.150970 -0.175590 -0.0749970 0.0578244 0.910158 0.605416 -0.612944 -0.461450 -0.0912151 0.00468327 0.0373397 0.200880 -0.144692
195:     72384.420:  0.00000 0.283117 0.235447  1.15125 -0.000986361 -0.0299799 -0.0478963 -0.0158834 -0.0772922 -0.0749526 -0.0831991 -0.101809 -0.137530 -0.144797 -0.0986721 -0.122264 -0.151291 -0.175887 -0.0750388 0.0579604 0.910385 0.605656 -0.613130 -0.461695 -0.0911909 0.00466037 0.0368144 0.201290 -0.144583
196:     72384.418:  0.00000 0.283096 0.235441  1.15133 -0.00121777 -0.0300950 -0.0480012 -0.0160632 -0.0772120 -0.0750324 -0.0829695 -0.101909 -0.137501 -0.144597 -0.0990533 -0.122402 -0.151442 -0.175858 -0.0749831 0.0578792 0.910619 0.605861 -0.613291 -0.461930 -0.0912156 0.00442770 0.0375309 0.202041 -0.144480
197:     72384.418:  0.00000 0.283171 0.235414  1.15127 -0.000990533 -0.0299837 -0.0480358 -0.0159825 -0.0772691 -0.0750002 -0.0828836 -0.101893 -0.137366 -0.144573 -0.0988218 -0.122323 -0.151284 -0.175659 -0.0750379 0.0578681 0.910601 0.606088 -0.613486 -0.462163 -0.0912601 0.00447217 0.0363753 0.201871 -0.144481
198:     72384.417:  0.00000 0.283149 0.235448  1.15142 -0.000934602 -0.0302089 -0.0482505 -0.0160641 -0.0775613 -0.0750079 -0.0832476 -0.101935 -0.137715 -0.144688 -0.0988840 -0.122430 -0.151428 -0.175960 -0.0749595 0.0578998 0.910938 0.606410 -0.613904 -0.462467 -0.0912441 0.00410479 0.0367687 0.201287 -0.144345
199:     72384.417: 3.32580e-05 0.283145 0.235448  1.15141 -0.00110039 -0.0301372 -0.0483783 -0.0159606 -0.0773668 -0.0751497 -0.0833214 -0.102338 -0.137704 -0.144461 -0.0989562 -0.122308 -0.151258 -0.176002 -0.0750387 0.0578917 0.911323 0.606545 -0.614234 -0.462572 -0.0912163 0.00429878 0.0377100 0.201635 -0.144183
200:     72384.417:  0.00000 0.283125 0.235448  1.15136 -0.00108281 -0.0300592 -0.0482551 -0.0159307 -0.0773069 -0.0752791 -0.0832291 -0.102329 -0.137529 -0.144517 -0.0989890 -0.122312 -0.151285 -0.175922 -0.0749772 0.0577992 0.911498 0.606792 -0.614420 -0.462824 -0.0912260 0.00448102 0.0371135 0.202576 -0.144181
201:     72384.416:  0.00000 0.283142 0.235448  1.15139 -0.00106041 -0.0301411 -0.0481823 -0.0159730 -0.0773355 -0.0753258 -0.0832079 -0.102235 -0.137494 -0.144595 -0.0990569 -0.122397 -0.151409 -0.175906 -0.0750281 0.0578678 0.911537 0.606890 -0.614459 -0.462936 -0.0912319 0.00440503 0.0375744 0.202860 -0.144176
202:     72384.416: 1.88735e-06 0.283152 0.235443  1.15143 -0.00111611 -0.0302078 -0.0482029 -0.0160275 -0.0774077 -0.0753371 -0.0832047 -0.102212 -0.137508 -0.144625 -0.0991067 -0.122460 -0.151479 -0.175903 -0.0750114 0.0578506 0.911622 0.606967 -0.614494 -0.463000 -0.0912271 0.00437697 0.0375022 0.202280 -0.144143
203:     72384.416: 2.14336e-06 0.283146 0.235448  1.15143 -0.00112209 -0.0302224 -0.0482159 -0.0160223 -0.0774208 -0.0753352 -0.0831760 -0.102220 -0.137519 -0.144652 -0.0991279 -0.122464 -0.151479 -0.175882 -0.0750269 0.0578619 0.911691 0.607019 -0.614544 -0.463042 -0.0912279 0.00434588 0.0368938 0.202361 -0.144120
204:     72384.416:  0.00000 0.283157 0.235451  1.15144 -0.00109219 -0.0302646 -0.0482046 -0.0160069 -0.0774061 -0.0753417 -0.0831601 -0.102214 -0.137513 -0.144690 -0.0991180 -0.122490 -0.151482 -0.175855 -0.0750145 0.0578573 0.911696 0.607065 -0.614580 -0.463091 -0.0912370 0.00430667 0.0372321 0.202875 -0.144118
205:     72384.416:  0.00000 0.283169 0.235450  1.15145 -0.00116601 -0.0302427 -0.0482054 -0.0160508 -0.0774430 -0.0753894 -0.0832002 -0.102194 -0.137497 -0.144684 -0.0991127 -0.122476 -0.151513 -0.175864 -0.0750156 0.0578729 0.911799 0.607155 -0.614686 -0.463193 -0.0912433 0.00437631 0.0374941 0.202361 -0.144091
206:     72384.416:  0.00000 0.283157 0.235446  1.15147 -0.00119567 -0.0302443 -0.0482247 -0.0160544 -0.0774546 -0.0754059 -0.0831955 -0.102243 -0.137512 -0.144707 -0.0991114 -0.122517 -0.151522 -0.175854 -0.0750151 0.0578424 0.911919 0.607261 -0.614800 -0.463298 -0.0912338 0.00437598 0.0372046 0.201860 -0.144066
207:     72384.416: 1.70585e-05 0.283145 0.235444  1.15154 -0.00117531 -0.0303681 -0.0482910 -0.0160477 -0.0774893 -0.0753911 -0.0831897 -0.102331 -0.137574 -0.144792 -0.0991219 -0.122632 -0.151549 -0.175834 -0.0750606 0.0578337 0.912048 0.607371 -0.614931 -0.463411 -0.0912149 0.00426641 0.0371553 0.202361 -0.143979
208:     72384.416: 7.74854e-06 0.283155 0.235451  1.15154 -0.00118095 -0.0303666 -0.0482916 -0.0160495 -0.0774985 -0.0753992 -0.0831945 -0.102318 -0.137573 -0.144792 -0.0991310 -0.122608 -0.151550 -0.175841 -0.0750387 0.0578258 0.912085 0.607393 -0.614964 -0.463429 -0.0912271 0.00427181 0.0370694 0.202560 -0.143960
209:     72384.416:  0.00000 0.283158 0.235455  1.15151 -0.00117988 -0.0303481 -0.0482698 -0.0160243 -0.0774835 -0.0754265 -0.0831867 -0.102267 -0.137557 -0.144792 -0.0991597 -0.122509 -0.151546 -0.175847 -0.0750340 0.0578614 0.912188 0.607463 -0.615068 -0.463499 -0.0912404 0.00426562 0.0367887 0.202840 -0.143927
210:     72384.416:  0.00000 0.283160 0.235459  1.15149 -0.00117714 -0.0303651 -0.0482572 -0.0159959 -0.0774544 -0.0754234 -0.0831709 -0.102285 -0.137553 -0.144783 -0.0991542 -0.122511 -0.151538 -0.175843 -0.0750182 0.0578541 0.912200 0.607508 -0.615085 -0.463528 -0.0912458 0.00425542 0.0369313 0.202414 -0.143962
211:     72384.416:  0.00000 0.283171 0.235453  1.15153 -0.00125466 -0.0303948 -0.0483014 -0.0160791 -0.0775551 -0.0754245 -0.0832435 -0.102315 -0.137590 -0.144784 -0.0991622 -0.122586 -0.151584 -0.175885 -0.0750265 0.0578454 0.912268 0.607546 -0.615123 -0.463557 -0.0912329 0.00430494 0.0370058 0.202797 -0.143925
212:     72384.416:  0.00000 0.283169 0.235458  1.15154 -0.00121157 -0.0304012 -0.0482671 -0.0160949 -0.0775321 -0.0754091 -0.0832312 -0.102304 -0.137575 -0.144771 -0.0991906 -0.122604 -0.151566 -0.175851 -0.0750415 0.0578432 0.912286 0.607579 -0.615202 -0.463608 -0.0912344 0.00426526 0.0373360 0.202528 -0.143832
213:     72384.416: 6.76045e-06 0.283155 0.235454  1.15152 -0.00122994 -0.0304064 -0.0482762 -0.0160148 -0.0774934 -0.0754581 -0.0832048 -0.102254 -0.137606 -0.144770 -0.0991388 -0.122524 -0.151604 -0.175834 -0.0750272 0.0578543 0.912379 0.607665 -0.615296 -0.463713 -0.0912307 0.00418687 0.0374789 0.202871 -0.143881
214:     72384.416:  0.00000 0.283164 0.235457  1.15153 -0.00125021 -0.0304147 -0.0482937 -0.0160123 -0.0775159 -0.0754554 -0.0832140 -0.102312 -0.137622 -0.144814 -0.0991459 -0.122535 -0.151587 -0.175865 -0.0750109 0.0578452 0.912418 0.607728 -0.615342 -0.463751 -0.0912423 0.00427481 0.0374675 0.202814 -0.143907
215:     72384.416:  0.00000 0.283168 0.235460  1.15153 -0.00125620 -0.0304361 -0.0483074 -0.0160130 -0.0775186 -0.0754679 -0.0832180 -0.102326 -0.137621 -0.144817 -0.0991279 -0.122543 -0.151591 -0.175871 -0.0750186 0.0578579 0.912437 0.607741 -0.615347 -0.463763 -0.0912409 0.00427384 0.0374124 0.202650 -0.143915
216:     72384.416: 8.38050e-06 0.283169 0.235459  1.15153 -0.00125002 -0.0304390 -0.0483019 -0.0160268 -0.0775238 -0.0754682 -0.0832258 -0.102318 -0.137617 -0.144820 -0.0991401 -0.122540 -0.151593 -0.175864 -0.0750164 0.0578550 0.912440 0.607733 -0.615359 -0.463763 -0.0912398 0.00426067 0.0373606 0.202626 -0.143880
217:     72384.416: 3.44401e-06 0.283165 0.235459  1.15153 -0.00124953 -0.0304390 -0.0483008 -0.0160278 -0.0775243 -0.0754677 -0.0832257 -0.102318 -0.137617 -0.144820 -0.0991406 -0.122541 -0.151592 -0.175864 -0.0750193 0.0578561 0.912440 0.607736 -0.615360 -0.463761 -0.0912381 0.00426050 0.0373606 0.202626 -0.143880
218:     72384.416: 2.61506e-06 0.283166 0.235459  1.15153 -0.00124941 -0.0304391 -0.0483004 -0.0160282 -0.0775246 -0.0754676 -0.0832257 -0.102318 -0.137616 -0.144819 -0.0991408 -0.122541 -0.151592 -0.175864 -0.0750175 0.0578527 0.912440 0.607736 -0.615360 -0.463760 -0.0912383 0.00426044 0.0373606 0.202626 -0.143880
219:     72384.416: 1.68095e-06 0.283166 0.235459  1.15153 -0.00124885 -0.0304386 -0.0482993 -0.0160288 -0.0775250 -0.0754676 -0.0832259 -0.102317 -0.137616 -0.144819 -0.0991412 -0.122543 -0.151591 -0.175864 -0.0750197 0.0578536 0.912441 0.607736 -0.615360 -0.463761 -0.0912385 0.00425953 0.0373590 0.202627 -0.143880
220:     72384.416: 1.49276e-07 0.283166 0.235459  1.15153 -0.00124785 -0.0304374 -0.0482967 -0.0160303 -0.0775262 -0.0754675 -0.0832262 -0.102317 -0.137616 -0.144817 -0.0991424 -0.122545 -0.151591 -0.175864 -0.0750198 0.0578511 0.912443 0.607738 -0.615362 -0.463762 -0.0912387 0.00425775 0.0373553 0.202629 -0.143878
221:     72384.416: 4.87568e-07 0.283166 0.235459  1.15153 -0.00124864 -0.0304354 -0.0482921 -0.0160332 -0.0775302 -0.0754666 -0.0832284 -0.102317 -0.137618 -0.144816 -0.0991465 -0.122550 -0.151592 -0.175864 -0.0750216 0.0578515 0.912448 0.607742 -0.615364 -0.463766 -0.0912396 0.00425553 0.0373463 0.202628 -0.143874
222:     72384.416: 9.19579e-07 0.283167 0.235459  1.15154 -0.00124994 -0.0304378 -0.0482936 -0.0160363 -0.0775317 -0.0754665 -0.0832284 -0.102319 -0.137617 -0.144816 -0.0991483 -0.122552 -0.151591 -0.175864 -0.0750212 0.0578504 0.912448 0.607743 -0.615367 -0.463766 -0.0912387 0.00425512 0.0373426 0.202614 -0.143871
Generalized linear mixed model fit by the Laplace approximation 
Formula: model 
   Data: g 
   AIC   BIC logLik deviance
 72442 72704 -36192    72384
Random effects:
 Groups  Name        Variance   Std.Dev.  
 game_id (Intercept) 8.4563e-13 9.1958e-07
 defense (Intercept) 8.0184e-02 2.8317e-01
 offense (Intercept) 5.5441e-02 2.3546e-01
Number of obs: 61082, groups: game_id, 30541; defense, 1986; offense, 1986

Fixed effects:
                   Estimate Std. Error z value Pr(>|z|)    
(Intercept)        1.151536   0.036962  31.155  < 2e-16 ***
year2000          -0.001250   0.048417  -0.026 0.979404    
year2001          -0.030438   0.048508  -0.627 0.530346    
year2002          -0.048294   0.047831  -1.010 0.312653    
year2003          -0.016036   0.047625  -0.337 0.736329    
year2004          -0.077532   0.047858  -1.620 0.105226    
year2005          -0.075466   0.048364  -1.560 0.118671    
year2006          -0.083228   0.047877  -1.738 0.082142 .  
year2007          -0.102319   0.047730  -2.144 0.032056 *  
year2008          -0.137617   0.047578  -2.892 0.003822 ** 
year2009          -0.144816   0.047595  -3.043 0.002345 ** 
year2010          -0.099148   0.047561  -2.085 0.037101 *  
year2011          -0.122552   0.047663  -2.571 0.010135 *  
year2012          -0.151591   0.047687  -3.179 0.001479 ** 
year2013          -0.175864   0.047470  -3.705 0.000212 ***
fielddefense_home -0.075021   0.010511  -7.137 9.51e-13 ***
fieldoffense_home  0.057850   0.010422   5.551 2.84e-08 ***
d_div2             0.912448   0.050219  18.169  < 2e-16 ***
d_div3             0.607743   0.042006  14.468  < 2e-16 ***
o_div2            -0.615367   0.047594 -12.930  < 2e-16 ***
o_div3            -0.463766   0.041342 -11.218  < 2e-16 ***
game_length1 OT   -0.091239   0.006661 -13.698  < 2e-16 ***
game_length2 OT    0.004255   0.055571   0.077 0.938964    
game_length3 OT    0.037343   0.140963   0.265 0.791079    
game_length4 OT    0.202614   0.215376   0.941 0.346833    
game_length5 OT   -0.148744   0.323283  -0.460 0.645440    
---
Signif. codes:  0 *** 0.001 ** 0.01 * 0.05 . 0.1   1 

Correlation of Fixed Effects:
            (Intr) yr2000 yr2001 yr2002 yr2003 yr2004 yr2005 yr2006 yr2007
year2000    -0.664                                                        
year2001    -0.664  0.504                                                 
year2002    -0.670  0.511  0.510                                          
year2003    -0.672  0.513  0.512  0.519                                   
year2004    -0.668  0.510  0.510  0.517  0.519                            
year2005    -0.661  0.505  0.504  0.511  0.513  0.511                     
year2006    -0.668  0.510  0.509  0.517  0.519  0.516  0.511              
year2007    -0.670  0.512  0.511  0.518  0.520  0.518  0.512  0.518       
year2008    -0.671  0.513  0.513  0.520  0.522  0.519  0.514  0.519  0.521
year2009    -0.670  0.513  0.512  0.520  0.522  0.519  0.514  0.519  0.521
year2010    -0.671  0.514  0.513  0.520  0.522  0.520  0.514  0.520  0.521
year2011    -0.670  0.513  0.512  0.519  0.521  0.519  0.513  0.518  0.520
year2012    -0.670  0.512  0.512  0.519  0.521  0.518  0.513  0.518  0.520
year2013    -0.672  0.515  0.514  0.521  0.523  0.521  0.515  0.521  0.522
filddfns_hm -0.247 -0.001 -0.001 -0.001 -0.002 -0.002 -0.003 -0.003 -0.003
fildffns_hm -0.249 -0.001 -0.001 -0.001 -0.003 -0.002 -0.003 -0.003 -0.003
d_div2      -0.073  0.015  0.020  0.018  0.015  0.015  0.014  0.014  0.015
d_div3      -0.069  0.004  0.007  0.005  0.005  0.005  0.005  0.005  0.005
o_div2      -0.045  0.009  0.009  0.007  0.004  0.003  0.003  0.004  0.004
o_div3      -0.036 -0.001 -0.004 -0.006 -0.006 -0.008 -0.007 -0.006 -0.007
gm_lngth1OT -0.025 -0.001 -0.001  0.000 -0.002 -0.001 -0.003 -0.003 -0.003
gm_lngth2OT -0.018  0.001  0.000 -0.004  0.001  0.002 -0.001 -0.001  0.001
gm_lngth3OT -0.004  0.000  0.000  0.000  0.000 -0.001  0.000  0.000 -0.001
gm_lngth4OT -0.003 -0.002  0.000  0.000 -0.002  0.000  0.000  0.000  0.000
gm_lngth5OT  0.000  0.000  0.000  0.000  0.000  0.000  0.000 -0.003  0.000
            yr2008 yr2009 yr2010 yr2011 yr2012 yr2013 flddf_ fldff_ d_div2
year2000                                                                  
year2001                                                                  
year2002                                                                  
year2003                                                                  
year2004                                                                  
year2005                                                                  
year2006                                                                  
year2007                                                                  
year2008                                                                  
year2009     0.522                                                        
year2010     0.523  0.523                                                 
year2011     0.522  0.522  0.522                                          
year2012     0.522  0.521  0.522  0.521                                   
year2013     0.524  0.524  0.524  0.523  0.523                            
filddfns_hm -0.003 -0.003 -0.003 -0.003 -0.003 -0.005                     
fildffns_hm -0.003 -0.003 -0.003 -0.003 -0.003 -0.005  0.898              
d_div2       0.015  0.015  0.018  0.017  0.017  0.016  0.006 -0.013       
d_div3       0.005  0.004  0.003  0.004  0.003  0.001  0.005 -0.016  0.775
o_div2       0.004  0.004  0.006  0.006  0.007  0.008 -0.009  0.011 -0.647
o_div3      -0.008 -0.008 -0.008 -0.008 -0.008 -0.006 -0.009  0.013 -0.742
gm_lngth1OT -0.003 -0.005 -0.004 -0.005 -0.007 -0.005 -0.007 -0.003  0.009
gm_lngth2OT -0.001  0.001  0.000 -0.001 -0.003  0.001  0.051  0.051  0.001
gm_lngth3OT -0.004  0.000  0.000 -0.001 -0.003 -0.002  0.010  0.010  0.001
gm_lngth4OT  0.000  0.000 -0.003  0.000  0.000  0.000  0.010  0.010  0.000
gm_lngth5OT  0.000  0.000 -0.002  0.000  0.000  0.000 -0.001 -0.001  0.000
            d_div3 o_div2 o_div3 gm_1OT gm_2OT gm_3OT gm_4OT
year2000                                                    
year2001                                                    
year2002                                                    
year2003                                                    
year2004                                                    
year2005                                                    
year2006                                                    
year2007                                                    
year2008                                                    
year2009                                                    
year2010                                                    
year2011                                                    
year2012                                                    
year2013                                                    
filddfns_hm                                                 
fildffns_hm                                                 
d_div2                                                      
d_div3                                                      
o_div2      -0.770                                          
o_div3      -0.910  0.816                                   
gm_lngth1OT  0.008 -0.003 -0.001                            
gm_lngth2OT  0.001  0.001  0.001  0.021                     
gm_lngth3OT  0.001  0.001  0.000  0.010  0.000              
gm_lngth4OT  0.000  0.000  0.000  0.005  0.003  0.000       
gm_lngth5OT  0.000  0.000  0.000  0.005  0.000  0.000  0.000
Generalized linear mixed model fit by the Laplace approximation 
Formula: model 
   Data: g 
   AIC   BIC logLik deviance
 72442 72704 -36192    72384
Random effects:
 Groups  Name        Variance   Std.Dev.  
 game_id (Intercept) 8.4563e-13 9.1958e-07
 defense (Intercept) 8.0184e-02 2.8317e-01
 offense (Intercept) 5.5441e-02 2.3546e-01
Number of obs: 61082, groups: game_id, 30541; defense, 1986; offense, 1986

Fixed effects:
                   Estimate Std. Error z value Pr(>|z|)    
(Intercept)        1.151536   0.036962  31.155  < 2e-16 ***
year2000          -0.001250   0.048417  -0.026 0.979404    
year2001          -0.030438   0.048508  -0.627 0.530346    
year2002          -0.048294   0.047831  -1.010 0.312653    
year2003          -0.016036   0.047625  -0.337 0.736329    
year2004          -0.077532   0.047858  -1.620 0.105226    
year2005          -0.075466   0.048364  -1.560 0.118671    
year2006          -0.083228   0.047877  -1.738 0.082142 .  
year2007          -0.102319   0.047730  -2.144 0.032056 *  
year2008          -0.137617   0.047578  -2.892 0.003822 ** 
year2009          -0.144816   0.047595  -3.043 0.002345 ** 
year2010          -0.099148   0.047561  -2.085 0.037101 *  
year2011          -0.122552   0.047663  -2.571 0.010135 *  
year2012          -0.151591   0.047687  -3.179 0.001479 ** 
year2013          -0.175864   0.047470  -3.705 0.000212 ***
fielddefense_home -0.075021   0.010511  -7.137 9.51e-13 ***
fieldoffense_home  0.057850   0.010422   5.551 2.84e-08 ***
d_div2             0.912448   0.050219  18.169  < 2e-16 ***
d_div3             0.607743   0.042006  14.468  < 2e-16 ***
o_div2            -0.615367   0.047594 -12.930  < 2e-16 ***
o_div3            -0.463766   0.041342 -11.218  < 2e-16 ***
game_length1 OT   -0.091239   0.006661 -13.698  < 2e-16 ***
game_length2 OT    0.004255   0.055571   0.077 0.938964    
game_length3 OT    0.037343   0.140963   0.265 0.791079    
game_length4 OT    0.202614   0.215376   0.941 0.346833    
game_length5 OT   -0.148744   0.323283  -0.460 0.645440    
---
Signif. codes:  0 *** 0.001 ** 0.01 * 0.05 . 0.1   1 

Correlation of Fixed Effects:
            (Intr) yr2000 yr2001 yr2002 yr2003 yr2004 yr2005 yr2006 yr2007
year2000    -0.664                                                        
year2001    -0.664  0.504                                                 
year2002    -0.670  0.511  0.510                                          
year2003    -0.672  0.513  0.512  0.519                                   
year2004    -0.668  0.510  0.510  0.517  0.519                            
year2005    -0.661  0.505  0.504  0.511  0.513  0.511                     
year2006    -0.668  0.510  0.509  0.517  0.519  0.516  0.511              
year2007    -0.670  0.512  0.511  0.518  0.520  0.518  0.512  0.518       
year2008    -0.671  0.513  0.513  0.520  0.522  0.519  0.514  0.519  0.521
year2009    -0.670  0.513  0.512  0.520  0.522  0.519  0.514  0.519  0.521
year2010    -0.671  0.514  0.513  0.520  0.522  0.520  0.514  0.520  0.521
year2011    -0.670  0.513  0.512  0.519  0.521  0.519  0.513  0.518  0.520
year2012    -0.670  0.512  0.512  0.519  0.521  0.518  0.513  0.518  0.520
year2013    -0.672  0.515  0.514  0.521  0.523  0.521  0.515  0.521  0.522
filddfns_hm -0.247 -0.001 -0.001 -0.001 -0.002 -0.002 -0.003 -0.003 -0.003
fildffns_hm -0.249 -0.001 -0.001 -0.001 -0.003 -0.002 -0.003 -0.003 -0.003
d_div2      -0.073  0.015  0.020  0.018  0.015  0.015  0.014  0.014  0.015
d_div3      -0.069  0.004  0.007  0.005  0.005  0.005  0.005  0.005  0.005
o_div2      -0.045  0.009  0.009  0.007  0.004  0.003  0.003  0.004  0.004
o_div3      -0.036 -0.001 -0.004 -0.006 -0.006 -0.008 -0.007 -0.006 -0.007
gm_lngth1OT -0.025 -0.001 -0.001  0.000 -0.002 -0.001 -0.003 -0.003 -0.003
gm_lngth2OT -0.018  0.001  0.000 -0.004  0.001  0.002 -0.001 -0.001  0.001
gm_lngth3OT -0.004  0.000  0.000  0.000  0.000 -0.001  0.000  0.000 -0.001
gm_lngth4OT -0.003 -0.002  0.000  0.000 -0.002  0.000  0.000  0.000  0.000
gm_lngth5OT  0.000  0.000  0.000  0.000  0.000  0.000  0.000 -0.003  0.000
            yr2008 yr2009 yr2010 yr2011 yr2012 yr2013 flddf_ fldff_ d_div2
year2000                                                                  
year2001                                                                  
year2002                                                                  
year2003                                                                  
year2004                                                                  
year2005                                                                  
year2006                                                                  
year2007                                                                  
year2008                                                                  
year2009     0.522                                                        
year2010     0.523  0.523                                                 
year2011     0.522  0.522  0.522                                          
year2012     0.522  0.521  0.522  0.521                                   
year2013     0.524  0.524  0.524  0.523  0.523                            
filddfns_hm -0.003 -0.003 -0.003 -0.003 -0.003 -0.005                     
fildffns_hm -0.003 -0.003 -0.003 -0.003 -0.003 -0.005  0.898              
d_div2       0.015  0.015  0.018  0.017  0.017  0.016  0.006 -0.013       
d_div3       0.005  0.004  0.003  0.004  0.003  0.001  0.005 -0.016  0.775
o_div2       0.004  0.004  0.006  0.006  0.007  0.008 -0.009  0.011 -0.647
o_div3      -0.008 -0.008 -0.008 -0.008 -0.008 -0.006 -0.009  0.013 -0.742
gm_lngth1OT -0.003 -0.005 -0.004 -0.005 -0.007 -0.005 -0.007 -0.003  0.009
gm_lngth2OT -0.001  0.001  0.000 -0.001 -0.003  0.001  0.051  0.051  0.001
gm_lngth3OT -0.004  0.000  0.000 -0.001 -0.003 -0.002  0.010  0.010  0.001
gm_lngth4OT  0.000  0.000 -0.003  0.000  0.000  0.000  0.010  0.010  0.000
gm_lngth5OT  0.000  0.000 -0.002  0.000  0.000  0.000 -0.001 -0.001  0.000
            d_div3 o_div2 o_div3 gm_1OT gm_2OT gm_3OT gm_4OT
year2000                                                    
year2001                                                    
year2002                                                    
year2003                                                    
year2004                                                    
year2005                                                    
year2006                                                    
year2007                                                    
year2008                                                    
year2009                                                    
year2010                                                    
year2011                                                    
year2012                                                    
year2013                                                    
filddfns_hm                                                 
fildffns_hm                                                 
d_div2                                                      
d_div3                                                      
o_div2      -0.770                                          
o_div3      -0.910  0.816                                   
gm_lngth1OT  0.008 -0.003 -0.001                            
gm_lngth2OT  0.001  0.001  0.001  0.021                     
gm_lngth3OT  0.001  0.001  0.000  0.010  0.000              
gm_lngth4OT  0.000  0.000  0.000  0.005  0.003  0.000       
gm_lngth5OT  0.000  0.000  0.000  0.005  0.000  0.000  0.000
[1] TRUE
