[1] 2216    9
[1] 2216    8
$lambda
 [1] 0.2058710091 0.1875819961 0.1709177285 0.1557338686 0.1418989009
 [6] 0.1292929937 0.1178069605 0.1073413148 0.0978054082 0.0891166453
[11] 0.0811997682 0.0739862046 0.0674134741 0.0614246468 0.0559678505
[16] 0.0509958209 0.0464654927 0.0423376264 0.0385764684 0.0351494412
[21] 0.0320268618 0.0291816836 0.0265892633 0.0242271464 0.0220748735
[26] 0.0201138026 0.0183269478 0.0166988323 0.0152153540 0.0138636639
[31] 0.0126320542 0.0115098573 0.0104873533 0.0095556858 0.0087067850
[36] 0.0079332982 0.0072285259 0.0065863635 0.0060012492 0.0054681147
[41] 0.0049823425 0.0045397249 0.0041364283 0.0037689594 0.0034341354
[46] 0.0031290563 0.0028510795 0.0025977975 0.0023670163 0.0021567371
[51] 0.0019651385 0.0017905610 0.0016314925 0.0014865552 0.0013544938
[56] 0.0012341643 0.0011245245 0.0010246249 0.0009336000 0.0008506616
[61] 0.0007750911 0.0007062342 0.0006434943 0.0005863280 0.0005342403
[66] 0.0004867798 0.0004435356 0.0004041332 0.0003682311 0.0003355184
[71] 0.0003057119 0.0002785533 0.0002538074 0.0002312599

$cvm
 [1] 1.262689 1.260860 1.257128 1.251749 1.244503 1.235710 1.226933 1.218541
 [9] 1.209778 1.200847 1.191554 1.182609 1.174070 1.166169 1.159094 1.152863
[17] 1.147093 1.141730 1.136967 1.132670 1.128755 1.125441 1.122636 1.120379
[25] 1.118627 1.117257 1.116247 1.115610 1.115203 1.114916 1.114733 1.114743
[33] 1.114967 1.115377 1.115793 1.116231 1.116583 1.116754 1.116751 1.116760
[41] 1.116877 1.117146 1.117345 1.117365 1.117331 1.117287 1.117365 1.117529
[49] 1.117738 1.117835 1.117709 1.117568 1.117451 1.117368 1.117274 1.117216
[57] 1.117214 1.117243 1.117180 1.117102 1.117065 1.117024 1.116968 1.116905
[65] 1.116880 1.116864 1.116895 1.116889 1.116923 1.116911 1.116903 1.116977
[73] 1.116940 1.116946

$cvsd
 [1] 0.05207890 0.05220619 0.05231929 0.05199900 0.05143771 0.05061199
 [7] 0.04965904 0.04891908 0.04840398 0.04777820 0.04702564 0.04624491
[13] 0.04545894 0.04470100 0.04386662 0.04302984 0.04238329 0.04183967
[19] 0.04132494 0.04085433 0.04045545 0.04010447 0.03983962 0.03964153
[25] 0.03950321 0.03940168 0.03932712 0.03923111 0.03914550 0.03909308
[31] 0.03906902 0.03907362 0.03906792 0.03906797 0.03907484 0.03906579
[37] 0.03902802 0.03897155 0.03894951 0.03894749 0.03895006 0.03899039
[43] 0.03906914 0.03914682 0.03917050 0.03919220 0.03921712 0.03925626
[49] 0.03927429 0.03930160 0.03935456 0.03940189 0.03943039 0.03945215
[55] 0.03946235 0.03946847 0.03946624 0.03946010 0.03946165 0.03945257
[61] 0.03943981 0.03944293 0.03945115 0.03947180 0.03947712 0.03950668
[67] 0.03951378 0.03952979 0.03951745 0.03952196 0.03954188 0.03953667
[73] 0.03952483 0.03951875

$cvup
 [1] 1.314768 1.313066 1.309447 1.303748 1.295941 1.286322 1.276592 1.267460
 [9] 1.258182 1.248625 1.238580 1.228854 1.219529 1.210870 1.202961 1.195893
[17] 1.189476 1.183570 1.178291 1.173524 1.169211 1.165546 1.162476 1.160021
[25] 1.158130 1.156659 1.155574 1.154841 1.154349 1.154009 1.153802 1.153817
[33] 1.154035 1.154445 1.154868 1.155297 1.155611 1.155726 1.155701 1.155707
[41] 1.155827 1.156137 1.156414 1.156512 1.156501 1.156479 1.156582 1.156785
[49] 1.157012 1.157137 1.157063 1.156970 1.156881 1.156820 1.156737 1.156685
[57] 1.156680 1.156703 1.156642 1.156555 1.156505 1.156467 1.156419 1.156377
[65] 1.156358 1.156370 1.156408 1.156419 1.156440 1.156433 1.156445 1.156514
[73] 1.156465 1.156465

$cvlo
 [1] 1.210610 1.208654 1.204808 1.199750 1.193066 1.185098 1.177274 1.169622
 [9] 1.161374 1.153069 1.144529 1.136364 1.128612 1.121468 1.115228 1.109833
[17] 1.104710 1.099891 1.095642 1.091816 1.088300 1.085337 1.082797 1.080738
[25] 1.079124 1.077855 1.076920 1.076379 1.076058 1.075823 1.075664 1.075669
[33] 1.075899 1.076309 1.076718 1.077165 1.077555 1.077783 1.077802 1.077812
[41] 1.077927 1.078156 1.078276 1.078218 1.078160 1.078095 1.078148 1.078272
[49] 1.078464 1.078534 1.078354 1.078166 1.078021 1.077916 1.077812 1.077748
[57] 1.077747 1.077783 1.077718 1.077650 1.077626 1.077581 1.077517 1.077433
[65] 1.077403 1.077357 1.077381 1.077359 1.077405 1.077389 1.077361 1.077440
[73] 1.077415 1.077427

$nzero
 s0  s1  s2  s3  s4  s5  s6  s7  s8  s9 s10 s11 s12 s13 s14 s15 s16 s17 s18 s19 
  0   3   4   5   9  10  14  18  24  27  29  33  45  49  55  60  65  67  73  77 
s20 s21 s22 s23 s24 s25 s26 s27 s28 s29 s30 s31 s32 s33 s34 s35 s36 s37 s38 s39 
 79  82  83  84  89  90  92  93  95  96 100 101 103 107 108 109 109 109 109 110 
s40 s41 s42 s43 s44 s45 s46 s47 s48 s49 s50 s51 s52 s53 s54 s55 s56 s57 s58 s59 
112 113 115 115 117 116 116 116 120 118 119 120 120 120 120 122 120 121 122 122 
s60 s61 s62 s63 s64 s65 s66 s67 s68 s69 s70 s71 s72 s73 
122 122 122 122 122 122 122 122 122 122 121 121 121 122 

$name
          deviance 
"Poisson Deviance" 

$glmnet.fit

Call:  glmnet(x = y, y = gs, family = "poisson") 

       Df       %Dev    Lambda
 [1,]   0 -3.157e-13 0.2059000
 [2,]   3  3.456e-03 0.1876000
 [3,]   4  9.071e-03 0.1709000
 [4,]   5  1.513e-02 0.1557000
 [5,]   9  2.333e-02 0.1419000
 [6,]  10  3.232e-02 0.1293000
 [7,]  14  4.220e-02 0.1178000
 [8,]  18  5.258e-02 0.1073000
 [9,]  24  6.355e-02 0.0978100
[10,]  27  7.492e-02 0.0891200
[11,]  29  8.503e-02 0.0812000
[12,]  33  9.457e-02 0.0739900
[13,]  45  1.042e-01 0.0674100
[14,]  49  1.143e-01 0.0614200
[15,]  55  1.236e-01 0.0559700
[16,]  60  1.326e-01 0.0510000
[17,]  65  1.409e-01 0.0464700
[18,]  67  1.483e-01 0.0423400
[19,]  73  1.548e-01 0.0385800
[20,]  77  1.611e-01 0.0351500
[21,]  79  1.664e-01 0.0320300
[22,]  82  1.712e-01 0.0291800
[23,]  83  1.753e-01 0.0265900
[24,]  84  1.788e-01 0.0242300
[25,]  89  1.818e-01 0.0220700
[26,]  90  1.845e-01 0.0201100
[27,]  92  1.868e-01 0.0183300
[28,]  93  1.888e-01 0.0167000
[29,]  95  1.906e-01 0.0152200
[30,]  96  1.921e-01 0.0138600
[31,] 100  1.934e-01 0.0126300
[32,] 101  1.946e-01 0.0115100
[33,] 103  1.956e-01 0.0104900
[34,] 107  1.965e-01 0.0095560
[35,] 108  1.974e-01 0.0087070
[36,] 109  1.982e-01 0.0079330
[37,] 109  1.991e-01 0.0072290
[38,] 109  1.998e-01 0.0065860
[39,] 109  2.004e-01 0.0060010
[40,] 110  2.009e-01 0.0054680
[41,] 112  2.014e-01 0.0049820
[42,] 113  2.018e-01 0.0045400
[43,] 115  2.024e-01 0.0041360
[44,] 115  2.028e-01 0.0037690
[45,] 117  2.032e-01 0.0034340
[46,] 116  2.036e-01 0.0031290
[47,] 116  2.039e-01 0.0028510
[48,] 116  2.041e-01 0.0025980
[49,] 120  2.045e-01 0.0023670
[50,] 118  2.048e-01 0.0021570
[51,] 119  2.051e-01 0.0019650
[52,] 120  2.053e-01 0.0017910
[53,] 120  2.055e-01 0.0016310
[54,] 120  2.058e-01 0.0014870
[55,] 120  2.061e-01 0.0013540
[56,] 122  2.062e-01 0.0012340
[57,] 120  2.064e-01 0.0011250
[58,] 121  2.065e-01 0.0010250
[59,] 122  2.067e-01 0.0009336
[60,] 122  2.068e-01 0.0008507
[61,] 122  2.070e-01 0.0007751
[62,] 122  2.071e-01 0.0007062
[63,] 122  2.071e-01 0.0006435
[64,] 122  2.072e-01 0.0005863
[65,] 122  2.072e-01 0.0005342
[66,] 122  2.073e-01 0.0004868
[67,] 122  2.073e-01 0.0004435
[68,] 122  2.074e-01 0.0004041
[69,] 122  2.074e-01 0.0003682
[70,] 122  2.074e-01 0.0003355
[71,] 121  2.075e-01 0.0003057
[72,] 121  2.075e-01 0.0002786
[73,] 121  2.075e-01 0.0002538
[74,] 122  2.075e-01 0.0002313
[75,] 122  2.075e-01 0.0002107

$lambda.min
[1] 0.01263205

$lambda.1se
[1] 0.05099582

attr(,"class")
[1] "cv.glmnet"
           Length Class   Mode     
lambda     74     -none-  numeric  
cvm        74     -none-  numeric  
cvsd       74     -none-  numeric  
cvup       74     -none-  numeric  
cvlo       74     -none-  numeric  
nzero      74     -none-  numeric  
name        1     -none-  character
glmnet.fit 12     fishnet list     
lambda.min  1     -none-  numeric  
lambda.1se  1     -none-  numeric  
124 x 1 sparse Matrix of class "dgCMatrix"
                                              1
(Intercept)                         0.929672184
(Intercept)                         .          
fielddefense_home                   .          
fieldoffense_home                   0.087974421
game_length1 OT                    -0.043287144
game_length2 OT                     .          
game_length3 OT                     .          
game_length5 OT                     .          
offense2015/alabama-huntsville     -0.255959605
offense2015/alaska                  .          
offense2015/alaska-anchorage       -0.057662675
offense2015/american-international  .          
offense2015/army                   -0.178157876
offense2015/bemidji-state           .          
offense2015/bentley                 .          
offense2015/boston-college          .          
offense2015/boston-university       0.256795334
offense2015/bowling-green           0.022709920
offense2015/brown                  -0.018254747
offense2015/canisius                .          
offense2015/clarkson               -0.053422245
offense2015/colgate                 .          
offense2015/colorado-college       -0.040785922
offense2015/connecticut            -0.191134499
offense2015/cornell                -0.161916039
offense2015/dartmouth               .          
offense2015/denver                  0.050607136
offense2015/ferris-state           -0.013779396
offense2015/harvard                 0.097434441
offense2015/holy-cross             -0.097386465
offense2015/lake-superior          -0.263435125
offense2015/maine                   .          
offense2015/massachusetts           .          
offense2015/mercyhurst              .          
offense2015/merrimack              -0.062521312
offense2015/miami                   0.054492694
offense2015/michigan                0.237353050
offense2015/michigan-state          .          
offense2015/michigan-tech           0.165504965
offense2015/minnesota               0.157608533
offense2015/minnesota-duluth        .          
offense2015/minnesota-state         0.207906964
offense2015/nebraska-omaha          .          
offense2015/new-hampshire           .          
offense2015/niagara                -0.052432785
offense2015/north-dakota            0.025768284
offense2015/northeastern            .          
offense2015/northern-michigan       .          
offense2015/notre-dame              .          
offense2015/ohio-state              .          
offense2015/penn-state              0.049755285
offense2015/princeton              -0.412410012
offense2015/providence              .          
offense2015/quinnipiac              .          
offense2015/rensselaer             -0.152974521
offense2015/rit                     .          
offense2015/robert-morris           0.073747443
offense2015/sacred-heart            .          
offense2015/st-cloud-state          .          
offense2015/st-lawrence             .          
offense2015/umass-lowell            0.116812772
offense2015/union                   0.024099821
offense2015/vermont                 .          
offense2015/western-michigan        .          
offense2015/wisconsin              -0.237624889
offense2015/yale                    .          
defense2015/alabama-huntsville      0.036440288
defense2015/alaska                  .          
defense2015/alaska-anchorage        0.040239709
defense2015/american-international  0.392363535
defense2015/army                    0.068057229
defense2015/bemidji-state           .          
defense2015/bentley                 .          
defense2015/boston-college          .          
defense2015/boston-university       .          
defense2015/bowling-green           .          
defense2015/brown                   0.204128967
defense2015/canisius                .          
defense2015/clarkson                .          
defense2015/colgate                -0.010958898
defense2015/colorado-college        0.280965203
defense2015/connecticut             0.009418712
defense2015/cornell                 .          
defense2015/dartmouth               .          
defense2015/denver                  .          
defense2015/ferris-state           -0.015350784
defense2015/harvard                 .          
defense2015/holy-cross              .          
defense2015/lake-superior           0.120524877
defense2015/maine                   0.088693957
defense2015/massachusetts           0.362068095
defense2015/mercyhurst              0.069669745
defense2015/merrimack               .          
defense2015/miami                   .          
defense2015/michigan                .          
defense2015/michigan-state         -0.011877364
defense2015/michigan-tech          -0.168204208
defense2015/minnesota               .          
defense2015/minnesota-duluth        .          
defense2015/minnesota-state        -0.098276501
defense2015/nebraska-omaha          .          
defense2015/new-hampshire           .          
defense2015/niagara                 0.330307597
defense2015/north-dakota           -0.003884024
defense2015/northeastern            .          
defense2015/northern-michigan       .          
defense2015/notre-dame              .          
defense2015/ohio-state              0.042533042
defense2015/penn-state              0.009888740
defense2015/princeton               0.099893666
defense2015/providence             -0.075857813
defense2015/quinnipiac              .          
defense2015/rensselaer              0.061058361
defense2015/rit                     .          
defense2015/robert-morris           .          
defense2015/sacred-heart            0.016345058
defense2015/st-cloud-state          .          
defense2015/st-lawrence            -0.042801106
defense2015/umass-lowell            .          
defense2015/union                   .          
defense2015/vermont                -0.023181250
defense2015/western-michigan        .          
defense2015/wisconsin               0.146007868
defense2015/yale                   -0.204749351

