[1] 20054     8
[1] TRUE
  year        field status  offense  defense week
1 2008 offense_home   0 OT 2008/FLA 2008/OTT  324
2 2008 offense_home   0 OT 2008/CGY 2008/DAL  361
3 2009 offense_home   0 OT 2009/STL 2009/PHX  100
4 2009 offense_home   0 OT 2009/DAL 2009/ANA  484
5 2010 offense_home   0 OT 2010/CGY 2010/DAL    4
6 2010 offense_home   0 OT 2010/BUF 2010/BOS  324
[1] 20054     7
start par. =  1 1 1 fn =  19932526 
At return
eval: 160 fn:      19928901. par: 0.624019 0.220802 0.188223
(NM) 20: f = 1.99289e+07 at    0.624019    0.220802    0.188223    0.871979 -0.00965996  0.00469247  -0.0112301  -0.0237285    0.031611 -0.00236862  -0.0387214   0.0958958    0.366335    0.169982   -0.286255   -0.282536   -0.258904
(NM) 40: f = 1.99289e+07 at    0.624019    0.220802    0.188223    0.871979 -0.00965996  0.00469247  -0.0112301  -0.0237285    0.031611 -0.00236862  -0.0387214   0.0958958    0.366335    0.169982   -0.286255   -0.282536   -0.258904
(NM) 60: f = 1.99289e+07 at    0.624115    0.221077    0.188384    0.865874 -0.00823122  0.00587695  -0.0101886  -0.0228462   0.0321203 -0.00105915  -0.0380183   0.0959111      0.3683    0.176807   -0.266989   -0.281965   -0.258312
(NM) 80: f = 1.99289e+07 at    0.624115    0.221077    0.188384    0.865874 -0.00823122  0.00587695  -0.0101886  -0.0228462   0.0321203 -0.00105915  -0.0380183   0.0959111      0.3683    0.176807   -0.266989   -0.281965   -0.258312
(NM) 100: f = 1.99289e+07 at    0.623836    0.220519    0.188012     0.86907 -0.00839336  0.00492926  -0.0115397  -0.0246299   0.0290013 -0.00170575  -0.0403356   0.0959245     0.37064     0.18331   -0.249373    -0.28158   -0.260161
(NM) 120: f = 1.99289e+07 at    0.624045    0.220117    0.187794    0.868147 -0.00746943  0.00553396  -0.0099781  -0.0219303    0.029078 -0.00130115  -0.0373824   0.0958982    0.370719     0.18035   -0.276815   -0.282773   -0.259467
(NM) 140: f = 1.99289e+07 at    0.624079    0.221011    0.188026    0.868911  -0.0075324  0.00612759  -0.0089894  -0.0213464   0.0286471 -0.00104094   -0.040633   0.0959066    0.369291    0.178604   -0.268223    -0.28278   -0.259426
(NM) 160: f = 1.99289e+07 at    0.624106    0.221006    0.188472    0.868019 -0.00766269  0.00564414 -0.00993836  -0.0217882   0.0279866 -0.00114399  -0.0373025   0.0959002    0.369542    0.178509   -0.273648      -0.283   -0.259643
(NM) 180: f = 1.99289e+07 at     0.624082     0.220917     0.188034     0.868149  -0.00743436   0.00612819  -0.00933574   -0.0217229    0.0298921 -0.000113268   -0.0372488    0.0959045      0.36828     0.169248    -0.269535    -0.282971    -0.259873
(NM) 200: f = 1.99289e+07 at      0.62395      0.22067      0.18816     0.867563  -0.00754452   0.00595234   -0.0095445   -0.0217791    0.0303833 -0.000811421   -0.0369987    0.0959061     0.367619     0.173277    -0.271263    -0.283039    -0.259911
(NM) 220: f = 1.99289e+07 at      0.62395      0.22067      0.18816     0.867563  -0.00754452   0.00595234   -0.0095445   -0.0217791    0.0303833 -0.000811421   -0.0369987    0.0959061     0.367619     0.173277    -0.271263    -0.283039    -0.259911
(NM) 240: f = 1.99289e+07 at     0.623959     0.220733     0.188182     0.867439  -0.00670365   0.00722558  -0.00861766   -0.0214065    0.0305633 -5.86938e-05    -0.036782    0.0958988      0.36753     0.169639    -0.279616    -0.283439    -0.260262
(NM) 260: f = 1.99289e+07 at     0.624008     0.220832     0.188252      0.86774  -0.00736157   0.00641517  -0.00927638   -0.0217118    0.0299055 -0.000447849   -0.0371318    0.0959011      0.36831     0.173771    -0.276945    -0.283141    -0.259913
(NM) 280: f = 1.99289e+07 at     0.623985     0.220773     0.188209     0.867792  -0.00714379   0.00669454  -0.00912349   -0.0217011    0.0306545 -5.69308e-05   -0.0373776    0.0959014     0.367648     0.173488    -0.278182    -0.283349    -0.260067
(NM) 300: f = 1.99289e+07 at     0.623965     0.220755     0.188194     0.867575  -0.00684399   0.00687499  -0.00913498    -0.021658    0.0304326 -0.000275945   -0.0370112    0.0959002     0.367725      0.17258     -0.28078    -0.283286    -0.260092
(NM) 320: f = 1.99289e+07 at      0.62401     0.220791     0.188207     0.867701  -0.00698322   0.00651945  -0.00947688   -0.0218622    0.0305625 -0.000251678   -0.0374487    0.0959024     0.367905     0.172021    -0.280314    -0.283222    -0.260027
(NM) 340: f = 1.99289e+07 at    0.624013     0.22079    0.188207    0.867685 -0.00698719   0.0065496 -0.00948586  -0.0218638   0.0305722 -0.00026627  -0.0374175   0.0959022    0.367905    0.171913   -0.280719   -0.283224    -0.26002
(NM) 360: f = 1.99289e+07 at     0.624006     0.220801     0.188255     0.867653  -0.00741637   0.00673572  -0.00952181   -0.0218164     0.030607 -0.000442735    -0.037275    0.0959002     0.367771     0.172533    -0.282961    -0.283188    -0.259997
(NM) 380: f = 1.99289e+07 at     0.624031     0.220819     0.188277     0.867803  -0.00732229   0.00630602  -0.00934838   -0.0221152    0.0305203 -0.000370823   -0.0372674    0.0959007     0.367638     0.172183    -0.282865     -0.28322    -0.260026
(NM) 400: f = 1.99289e+07 at      0.62405     0.220837     0.188286     0.867884  -0.00751376   0.00598559  -0.00966461   -0.0223386    0.0304064 -0.000648897   -0.0374076    0.0959005     0.367699     0.172404    -0.285554    -0.283081    -0.259955
(NM) 420: f = 1.99289e+07 at     0.624053      0.22081     0.188327     0.867824  -0.00739495   0.00619784  -0.00948468   -0.0222468    0.0304086 -0.000690311   -0.0374602    0.0958998     0.367421     0.172057    -0.286048    -0.283174    -0.259999
(NM) 440: f = 1.99289e+07 at     0.624036     0.220802     0.188311     0.867962  -0.00730677   0.00604445  -0.00958907   -0.0222432    0.0302896 -0.000609957   -0.0373801    0.0959008     0.367264     0.172517    -0.284781    -0.283188    -0.260024
(NM) 460: f = 1.99289e+07 at     0.624039     0.220784     0.188287     0.868074  -0.00725147   0.00622725  -0.00964246   -0.0222192     0.030223 -0.000714274   -0.0377335    0.0959002     0.367218     0.172284    -0.281487    -0.283206    -0.260073
(NM) 480: f = 1.99289e+07 at    0.624036    0.220791    0.188282    0.867999 -0.00723534  0.00616058 -0.00965979  -0.0220554   0.0301767 -0.00100015  -0.0375738   0.0958989    0.367184    0.171618   -0.279486   -0.283207     -0.2601
(NM) 500: f = 1.99289e+07 at    0.624055    0.220784    0.188306    0.868206 -0.00748869  0.00603548 -0.00980562  -0.0222201   0.0301562 -0.00134023  -0.0380561      0.0959     0.36685    0.172752    -0.28013   -0.283229   -0.260067
(NM) 520: f = 1.99289e+07 at    0.624054    0.220793    0.188282    0.868108  -0.0073992  0.00613263 -0.00991361  -0.0223016   0.0299799 -0.00121893  -0.0379568   0.0958999    0.367296    0.173077   -0.281116    -0.28316   -0.260071
(NM) 540: f = 1.99289e+07 at     0.62406    0.220778    0.188245    0.868384 -0.00798674  0.00578409  -0.0101173  -0.0224027   0.0295982 -0.00189022  -0.0382138   0.0958972    0.366851    0.173412   -0.279158   -0.283126   -0.260143
(NM) 560: f = 1.99289e+07 at    0.624069    0.220813    0.188259    0.868439 -0.00794464  0.00603856 -0.00998135  -0.0227285   0.0296183 -0.00150356  -0.0382919   0.0958986    0.367189    0.173316    -0.28129   -0.283136   -0.260072
(NM) 580: f = 1.99289e+07 at    0.624064    0.220791    0.188276    0.868566 -0.00806279   0.0056817  -0.0103339  -0.0227799   0.0291397 -0.00166727  -0.0384352   0.0959003    0.366614    0.174631   -0.281162   -0.283148   -0.260166
(NM) 600: f = 1.99289e+07 at    0.624064    0.220807    0.188239    0.868566 -0.00852309  0.00583472  -0.0103731   -0.022946   0.0291332 -0.00166447  -0.0381661   0.0958959    0.367022    0.174084   -0.281642   -0.283126   -0.260186
(NM) 620: f = 1.99289e+07 at    0.624069    0.220854    0.188265    0.869256 -0.00915179  0.00502612  -0.0109132  -0.0241955   0.0287364 -0.00211766  -0.0386059   0.0958984    0.367111    0.174757   -0.283103   -0.283173   -0.260225
(NM) 640: f = 1.99289e+07 at    0.624069    0.220854    0.188265    0.869256 -0.00915179  0.00502612  -0.0109132  -0.0241955   0.0287364 -0.00211766  -0.0386059   0.0958984    0.367111    0.174757   -0.283103   -0.283173   -0.260225
(NM) 660: f = 1.99289e+07 at    0.624047    0.220797     0.18826    0.869329 -0.00873758  0.00485083  -0.0110079  -0.0242643   0.0288534 -0.00229325  -0.0388257   0.0958982      0.3672    0.174644    -0.27917   -0.283233   -0.260242
(NM) 680: f = 1.99289e+07 at    0.624057    0.220791    0.188213    0.869328 -0.00908008  0.00485409  -0.0110619  -0.0242852   0.0285483 -0.00260423  -0.0388891   0.0958973    0.367084    0.174129   -0.280418   -0.283203    -0.26023
(NM) 700: f = 1.99289e+07 at    0.624047    0.220745    0.188192    0.869713 -0.00918984  0.00450513  -0.0112924  -0.0244773   0.0281979 -0.00295199  -0.0391455   0.0958973    0.366887    0.173573   -0.279096    -0.28323   -0.260295
(NM) 720: f = 1.99289e+07 at    0.624039    0.220745     0.18819    0.869541 -0.00897688   0.0046428   -0.011191  -0.0242367   0.0284445 -0.00272285   -0.038999   0.0958984    0.367082    0.172437   -0.278306   -0.283226   -0.260227
(NM) 740: f = 1.99289e+07 at    0.624055    0.220774    0.188209    0.869386 -0.00902483  0.00469769  -0.0111571  -0.0242955   0.0284422 -0.00242904  -0.0388375   0.0958968    0.367036    0.172886   -0.281009   -0.283218   -0.260205
(NM) 760: f = 1.99289e+07 at    0.624054    0.220762     0.18817    0.869374 -0.00911009  0.00482841  -0.0111936  -0.0243194   0.0285067 -0.00248242  -0.0390839   0.0958977    0.367038    0.172793   -0.282131   -0.283229   -0.260236
(NM) 780: f = 1.99289e+07 at    0.624045    0.220737    0.188167    0.869522 -0.00899266  0.00466587  -0.0112885  -0.0243746   0.0282942 -0.00251659   -0.039172   0.0958983    0.366894    0.172361   -0.281468   -0.283265   -0.260225
(NM) 800: f = 1.99289e+07 at    0.624041    0.220741     0.18817    0.869636  -0.0090767  0.00448528  -0.0113328  -0.0246193   0.0282557 -0.00251461  -0.0392468   0.0958983    0.366895    0.171808   -0.283295   -0.283271   -0.260238
(NM) 820: f = 1.99289e+07 at    0.624044    0.220735    0.188153    0.869676 -0.00928279  0.00450704  -0.0114579   -0.024589   0.0282249 -0.00257502   -0.039454   0.0958987    0.366827    0.171562   -0.282919   -0.283262   -0.260257
(NM) 840: f = 1.99289e+07 at    0.624045    0.220758    0.188194     0.86959 -0.00915438  0.00453866  -0.0113769  -0.0245551   0.0282464  -0.0025566  -0.0392102   0.0958986    0.367008    0.172227   -0.282034   -0.283238   -0.260212
(NM) 860: f = 1.99289e+07 at    0.624037    0.220764    0.188206    0.869986 -0.00963673   0.0042267  -0.0117714    -0.02499   0.0278039 -0.00284202  -0.0397868   0.0958998    0.366799    0.172385   -0.282204   -0.283258   -0.260248
(NM) 880: f = 1.99289e+07 at    0.624045    0.220758     0.18821    0.869775 -0.00944088  0.00439732  -0.0115682  -0.0246362   0.0279162 -0.00270137  -0.0395467   0.0958994    0.366788      0.1726   -0.281451   -0.283255     -0.2602
(NM) 900: f = 1.99289e+07 at    0.624033    0.220777    0.188223    0.869714  -0.0093978  0.00443974   -0.011614  -0.0247153   0.0279533 -0.00258202   -0.039516   0.0959007    0.367009    0.172234   -0.282118   -0.283265   -0.260155
(NM) 920: f = 1.99289e+07 at    0.624028    0.220758    0.188206    0.869831 -0.00947646  0.00438318  -0.0116596  -0.0247911   0.0278625 -0.00269092  -0.0395645   0.0958991    0.366967    0.171987   -0.281572    -0.28327   -0.260172
(NM) 940: f = 1.99289e+07 at    0.624023    0.220783    0.188232    0.869823 -0.00971173  0.00432075  -0.0117459  -0.0248689   0.0278273  -0.0025959  -0.0396192   0.0958989    0.367055    0.171628   -0.282217   -0.283271   -0.260138
(NM) 960: f = 1.99289e+07 at    0.624019    0.220766    0.188225    0.869857 -0.00974528  0.00432457  -0.0117299  -0.0247368   0.0277911 -0.00272449   -0.039679   0.0958984    0.366944    0.171458   -0.280779   -0.283262   -0.260165
(NM) 980: f = 1.99289e+07 at    0.624011    0.220756    0.188232    0.869885 -0.00968262  0.00426067  -0.0117351  -0.0248042   0.0278527 -0.00278863  -0.0396812   0.0958987    0.367042    0.171162   -0.281625   -0.283263   -0.260133
(NM) 1000: f = 1.99289e+07 at    0.624012    0.220765    0.188241    0.869825 -0.00973519  0.00430606  -0.0117676  -0.0246897   0.0278738 -0.00279411  -0.0396166   0.0958983    0.367076    0.171531   -0.281077   -0.283239   -0.260146
(NM) 1020: f = 1.99289e+07 at    0.624012    0.220756    0.188227    0.869938  -0.0098004  0.00417385  -0.0118015  -0.0248948   0.0278292 -0.00290153   -0.039763   0.0958983    0.367064    0.171314    -0.28152   -0.283253   -0.260167
(NM) 1040: f = 1.99289e+07 at    0.624014     0.22075    0.188226    0.869861 -0.00966888  0.00424979  -0.0117674  -0.0247917   0.0279439 -0.00284321   -0.039697   0.0958987     0.36711    0.171337    -0.28241   -0.283241   -0.260146
(NM) 1060: f = 1.99289e+07 at    0.624016    0.220751    0.188228     0.86985 -0.00969523  0.00431649  -0.0117699  -0.0247074   0.0278906 -0.00281437  -0.0396999   0.0958981    0.367036    0.171586   -0.281928   -0.283238    -0.26014
(NM) 1080: f = 1.99289e+07 at    0.624015    0.220739    0.188231    0.869896  -0.0096808  0.00423814  -0.0118184  -0.0247899   0.0278966 -0.00292459   -0.039777   0.0958979    0.367085    0.171793   -0.282324   -0.283233   -0.260132
(NM) 1100: f = 1.99289e+07 at    0.624013    0.220739    0.188231    0.869857 -0.00966568  0.00431572  -0.0118156  -0.0246988   0.0279046 -0.00283382  -0.0397355   0.0958976    0.367103    0.171827   -0.282269    -0.28323   -0.260119
(NM) 1120: f = 1.99289e+07 at    0.624017    0.220734    0.188219    0.869897 -0.00970697  0.00429861  -0.0118399  -0.0247498   0.0278956 -0.00286428  -0.0397488   0.0958972    0.367069    0.171786   -0.282686   -0.283236   -0.260129
(NM) 1140: f = 1.99289e+07 at    0.624011    0.220739    0.188228    0.869905 -0.00971725  0.00426671  -0.0118572  -0.0247781   0.0278831 -0.00285706  -0.0397434   0.0958971    0.367123    0.171794   -0.282503   -0.283238   -0.260119
(NM) 1160: f = 1.99289e+07 at    0.624011    0.220739    0.188228    0.869905 -0.00971725  0.00426671  -0.0118572  -0.0247781   0.0278831 -0.00285706  -0.0397434   0.0958971    0.367123    0.171794   -0.282503   -0.283238   -0.260119
(NM) 1180: f = 1.99289e+07 at    0.624015    0.220745    0.188226    0.869898 -0.00973505  0.00427512   -0.011849  -0.0247758   0.0278584 -0.00284363  -0.0397437   0.0958975    0.367058    0.171865   -0.282428   -0.283245   -0.260129
(NM) 1200: f = 1.99289e+07 at    0.624011     0.22074    0.188234     0.86996 -0.00976351  0.00418137  -0.0119004  -0.0248661   0.0278238 -0.00290789  -0.0398006   0.0958972    0.367107    0.171955   -0.282737   -0.283249   -0.260115
(NM) 1220: f = 1.99289e+07 at    0.624014    0.220739    0.188233    0.869949  -0.0098236  0.00417111  -0.0119275  -0.0248039   0.0278116 -0.00291545  -0.0398031   0.0958972    0.367056    0.171868   -0.282982   -0.283243   -0.260117
(NM) 1240: f = 1.99289e+07 at    0.624013    0.220737    0.188236    0.869971 -0.00980286  0.00414648  -0.0119584  -0.0248269   0.0277698  -0.0028822  -0.0397859   0.0958971    0.367055    0.172036   -0.283338   -0.283259   -0.260096
(NM) 1260: f = 1.99289e+07 at    0.624017    0.220746    0.188242    0.869943 -0.00983897  0.00410641  -0.0119462  -0.0247683   0.0277989 -0.00288902  -0.0397784   0.0958976     0.36705    0.171896   -0.283307   -0.283255    -0.26009
(NM) 1280: f = 1.99289e+07 at    0.624018    0.220737    0.188236    0.869934 -0.00981977   0.0041162  -0.0119653  -0.0247432   0.0278309 -0.00293207  -0.0397981   0.0958974    0.367056    0.172117    -0.28356   -0.283249   -0.260091
(NM) 1300: f = 1.99289e+07 at    0.624018     0.22074    0.188238    0.869937 -0.00984676  0.00406145  -0.0119824  -0.0247255   0.0278288 -0.00290216  -0.0397559   0.0958975    0.367072    0.171952   -0.283885   -0.283263    -0.26007
(NM) 1320: f = 1.99289e+07 at    0.624014    0.220737    0.188228    0.869932 -0.00983605  0.00412338   -0.011954  -0.0247318   0.0278626 -0.00289364   -0.039736   0.0958973    0.367095    0.171784   -0.283711   -0.283261   -0.260087
(NM) 1340: f = 1.99289e+07 at    0.624015    0.220733    0.188226    0.869968 -0.00987282  0.00404125  -0.0119743  -0.0247665   0.0278702 -0.00298105  -0.0397613   0.0958973    0.367098    0.171762   -0.284023   -0.283267   -0.260086
(NM) 1360: f = 1.99289e+07 at     0.62402    0.220738    0.188221    0.869954 -0.00986185  0.00408971   -0.011955  -0.0247569   0.0278666 -0.00292206  -0.0397262   0.0958973    0.367053    0.171869   -0.284148   -0.283273   -0.260091
(NM) 1380: f = 1.99289e+07 at    0.624017    0.220738    0.188225    0.869965 -0.00985227  0.00406431  -0.0119705  -0.0247806   0.0278541 -0.00296606   -0.039754   0.0958978    0.367075    0.171934   -0.283953   -0.283269   -0.260095
(NM) 1400: f = 1.99289e+07 at    0.624016    0.220741    0.188224        0.87  -0.0098988  0.00402512  -0.0119756  -0.0248234   0.0278306 -0.00297979  -0.0397548   0.0958976     0.36707     0.17181   -0.283762   -0.283278   -0.260099
(NM) 1420: f = 1.99289e+07 at    0.624018    0.220748     0.18822    0.869925 -0.00979589   0.0041275  -0.0119302  -0.0247065   0.0279311 -0.00292163  -0.0396625   0.0958983    0.367115    0.172117   -0.283738   -0.283274     -0.2601
(NM) 1440: f = 1.99289e+07 at    0.624016    0.220747    0.188224    0.869957 -0.00979703  0.00409434   -0.011921   -0.024696   0.0279172 -0.00293582  -0.0396677   0.0958984    0.367113     0.17202   -0.283515   -0.283282   -0.260091
(NM) 1460: f = 1.99289e+07 at    0.624016    0.220747    0.188224    0.869957 -0.00979703  0.00409434   -0.011921   -0.024696   0.0279172 -0.00293582  -0.0396677   0.0958984    0.367113     0.17202   -0.283515   -0.283282   -0.260091
(NM) 1480: f = 1.99289e+07 at    0.624017    0.220751    0.188226    0.869977 -0.00983248  0.00405516  -0.0119545  -0.0247348   0.0278941 -0.00294495  -0.0396923   0.0958985    0.367113    0.172076   -0.283579   -0.283286   -0.260093
(NM) 1500: f = 1.99289e+07 at    0.624016    0.220753    0.188228    0.869979   -0.009853  0.00405863  -0.0119633  -0.0246753   0.0278943 -0.00293124  -0.0396831   0.0958984    0.367112    0.172027   -0.283201   -0.283286   -0.260089
(NM) 1520: f = 1.99289e+07 at    0.624019    0.220756    0.188227    0.870024 -0.00990782  0.00400735  -0.0120197  -0.0247428   0.0278399 -0.00297293  -0.0397282   0.0958984    0.367078     0.17222   -0.283206   -0.283289   -0.260101
(NM) 1540: f = 1.99289e+07 at    0.624017    0.220757    0.188223     0.87001  -0.0099388  0.00402386   -0.012046  -0.0246975   0.0278644 -0.00292518  -0.0397062   0.0958979    0.367097    0.172135   -0.283238   -0.283293   -0.260096
(NM) 1560: f = 1.99289e+07 at     0.62402    0.220748    0.188222    0.870021 -0.00993141  0.00400691  -0.0120702  -0.0246789   0.0278524 -0.00298181  -0.0397856   0.0958978     0.36705    0.172278   -0.283042   -0.283284   -0.260108
(NM) 1580: f = 1.99289e+07 at    0.624018    0.220746     0.18822    0.870032 -0.00993889  0.00398463  -0.0120856  -0.0246503   0.0278811 -0.00300381  -0.0397936    0.095898    0.367066    0.172263   -0.283086   -0.283288    -0.26011
(NM) 1600: f = 1.99289e+07 at    0.624017    0.220745    0.188219    0.870012 -0.00990026  0.00402874  -0.0120615  -0.0246374    0.027898 -0.00297126  -0.0397844   0.0958977    0.367063    0.172299   -0.283059   -0.283287    -0.26011
(NM) 1620: f = 1.99289e+07 at    0.624016    0.220748    0.188222    0.870053 -0.00997744  0.00397235  -0.0120959  -0.0247014   0.0278425 -0.00298939  -0.0398122   0.0958977    0.367036    0.172156   -0.283129   -0.283293   -0.260115
(NM) 1640: f = 1.99289e+07 at    0.624016    0.220742    0.188224    0.870037 -0.00989969  0.00398724  -0.0120542  -0.0247072   0.0278756 -0.00300965  -0.0398297   0.0958978    0.367051    0.172225   -0.283172   -0.283289   -0.260114
(NM) 1660: f = 1.99289e+07 at    0.624015    0.220748    0.188227    0.870027 -0.00989655  0.00401699  -0.0120598  -0.0246507   0.0278709 -0.00295066  -0.0398079   0.0958978    0.367043    0.172285   -0.282904   -0.283292    -0.26011
(NM) 1680: f = 1.99289e+07 at    0.624013     0.22075    0.188225    0.870047 -0.00991208  0.00399096  -0.0120842  -0.0247257   0.0278522 -0.00291198  -0.0398454   0.0958978    0.366988     0.17224   -0.283577   -0.283311   -0.260119
(NM) 1700: f = 1.99289e+07 at    0.624011    0.220748    0.188219     0.87001 -0.00986955  0.00401632  -0.0120594  -0.0246389    0.027948 -0.00294555  -0.0398213   0.0958983    0.367029    0.172319   -0.283459   -0.283308   -0.260132
(NM) 1720: f = 1.99289e+07 at    0.624009    0.220754    0.188221    0.870011 -0.00984845  0.00403857  -0.0120405  -0.0246346   0.0279503 -0.00289643  -0.0398145   0.0958985    0.366986    0.172312   -0.283377   -0.283321   -0.260144
(NM) 1740: f = 1.99289e+07 at    0.624009    0.220753    0.188224    0.870014 -0.00986839  0.00402633  -0.0120439  -0.0246582   0.0279245     -0.0029  -0.0398128   0.0958981    0.367009    0.172214    -0.28336   -0.283314    -0.26013
(NM) 1760: f = 1.99289e+07 at    0.624009    0.220753    0.188223    0.870006 -0.00985719  0.00402061   -0.012037  -0.0246261   0.0279578 -0.00291082  -0.0398227   0.0958984    0.366999    0.172225   -0.283402   -0.283317   -0.260137
(NM) 1780: f = 1.99289e+07 at     0.62401     0.22075    0.188221     0.86999 -0.00984729  0.00403921  -0.0120449  -0.0246148   0.0279662 -0.00289822  -0.0398222   0.0958981    0.367014     0.17227   -0.283414   -0.283311   -0.260133
(NM) 1800: f = 1.99289e+07 at     0.62401     0.22075    0.188221    0.869999 -0.00984992  0.00404132   -0.012037  -0.0246533   0.0279534 -0.00289542  -0.0398362    0.095898    0.366994    0.172239   -0.283484   -0.283314   -0.260138
(NM) 1820: f = 1.99289e+07 at    0.624007    0.220751    0.188223    0.869978 -0.00983507  0.00405278  -0.0120306  -0.0246109   0.0279899  -0.0028718  -0.0398381    0.095898    0.366993    0.172216   -0.283567   -0.283316    -0.26014
(NM) 1840: f = 1.99289e+07 at    0.624008    0.220755    0.188224    0.869981  -0.0098564  0.00404297  -0.0120288  -0.0246324   0.0279794 -0.00287872  -0.0398245    0.095898    0.367011    0.172183   -0.283397   -0.283314   -0.260139
(NM) 1860: f = 1.99289e+07 at    0.624008    0.220757    0.188223    0.869982 -0.00985095  0.00404289  -0.0120249  -0.0246513   0.0279933 -0.00287042  -0.0398283   0.0958979    0.367009    0.172214   -0.283495   -0.283319   -0.260143
(NM) 1880: f = 1.99289e+07 at    0.624008    0.220757    0.188226    0.869991  -0.0098569   0.0040301  -0.0120245  -0.0246445   0.0279863 -0.00289352  -0.0398397   0.0958979    0.367019    0.172221   -0.283216   -0.283315   -0.260142
(NM) 1900: f = 1.99289e+07 at    0.624009    0.220758    0.188227    0.869996 -0.00984866  0.00402741  -0.0120249  -0.0246542   0.0280019 -0.00289767  -0.0398491   0.0958978     0.36702    0.172355   -0.283159   -0.283318   -0.260145
(NM) 1920: f = 1.99289e+07 at     0.62401    0.220757    0.188224    0.869993 -0.00986002  0.00402335  -0.0120369  -0.0246514    0.027998 -0.00287955  -0.0398452   0.0958976    0.367014    0.172312    -0.28343    -0.28332   -0.260138
(NM) 1940: f = 1.99289e+07 at    0.624009    0.220759    0.188224    0.869979 -0.00983843  0.00404626  -0.0120159  -0.0246335   0.0280241 -0.00286802  -0.0398295   0.0958977    0.367017    0.172334   -0.283328   -0.283321   -0.260145
(NM) 1960: f = 1.99289e+07 at     0.62401    0.220759    0.188225    0.869986 -0.00983072   0.0040403  -0.0120157  -0.0246517   0.0280191 -0.00286928  -0.0398344   0.0958976    0.367014    0.172406   -0.283424   -0.283324   -0.260141
(NM) 1980: f = 1.99289e+07 at    0.624011    0.220757    0.188224    0.869977 -0.00983663   0.0040353  -0.0120147  -0.0246429   0.0280236 -0.00286942  -0.0398302   0.0958975    0.367018    0.172317   -0.283558   -0.283321   -0.260136
(NM) 2000: f = 1.99289e+07 at    0.624011    0.220759    0.188223     0.86998 -0.00984013   0.0040418  -0.0120114  -0.0246423   0.0280194 -0.00287684  -0.0398199   0.0958976    0.367021    0.172341    -0.28338    -0.28332    -0.26014
(NM) 2020: f = 1.99289e+07 at     0.62401    0.220759    0.188224    0.869969 -0.00982681  0.00405186  -0.0120025  -0.0246213   0.0280354 -0.00285649  -0.0398092   0.0958977    0.367017    0.172331   -0.283504   -0.283323   -0.260138
(NM) 2040: f = 1.99289e+07 at     0.62401    0.220759    0.188224    0.869969 -0.00982681  0.00405186  -0.0120025  -0.0246213   0.0280354 -0.00285649  -0.0398092   0.0958977    0.367017    0.172331   -0.283504   -0.283323   -0.260138
(NM) 2060: f = 1.99289e+07 at    0.624011    0.220759    0.188224    0.869964  -0.0098168  0.00405562  -0.0119872  -0.0246178     0.02804 -0.00285708  -0.0397992   0.0958977    0.367018    0.172301   -0.283562   -0.283322   -0.260135
(NM) 2080: f = 1.99289e+07 at    0.624011    0.220759    0.188225    0.869969 -0.00982392  0.00404711  -0.0119939  -0.0246269    0.028036 -0.00286268  -0.0398087   0.0958977    0.367019    0.172308   -0.283528   -0.283322   -0.260136
(NM) 2100: f = 1.99289e+07 at    0.624011    0.220759    0.188226    0.869967 -0.00981752  0.00405025   -0.011982  -0.0246237   0.0280349 -0.00286313  -0.0398039   0.0958977    0.367015    0.172291   -0.283525   -0.283321   -0.260134
(NM) 2120: f = 1.99289e+07 at    0.624011    0.220759    0.188225    0.869966 -0.00981994  0.00405124   -0.011986  -0.0246224   0.0280388 -0.00285934  -0.0398016   0.0958977    0.367017    0.172292   -0.283539   -0.283322   -0.260135
(NM) 2140: f = 1.99289e+07 at    0.624011    0.220759    0.188225    0.869966 -0.00981994  0.00405124   -0.011986  -0.0246224   0.0280388 -0.00285934  -0.0398016   0.0958977    0.367017    0.172292   -0.283539   -0.283322   -0.260135
Generalized linear mixed model fit by maximum likelihood (Laplace
  Approximation) [glmerMod]
 Family: poisson  ( log )
Formula: gs ~ year + field + status + (1 | offense) + (1 | defense) +  
    (1 | game_id)
   Data: g
Weights: week
     AIC      BIC   logLik deviance df.resid 
19928935 19929069 -9964450 19928901    20037 
Random effects:
 Groups  Name        Std.Dev.
 game_id (Intercept) 0.6240  
 defense (Intercept) 0.2208  
 offense (Intercept) 0.1882  
Number of obs: 20054, groups:  game_id, 10002; defense, 240; offense, 240
Fixed Effects:
      (Intercept)           year2009           year2010           year2011  
         0.869966          -0.009820           0.004051          -0.011986  
         year2012           year2013           year2014           year2015  
        -0.024622           0.028039          -0.002859          -0.039802  
fieldoffense_home          status2OT          status3OT          status4OT  
         0.095898           0.367017           0.172292          -0.283539  
         statusOT           statusSO  
        -0.283322          -0.260135  
Generalized linear mixed model fit by maximum likelihood (Laplace
  Approximation) [glmerMod]
 Family: poisson  ( log )
Formula: gs ~ year + field + status + (1 | offense) + (1 | defense) +  
    (1 | game_id)
   Data: g
Weights: week

     AIC      BIC   logLik deviance df.resid 
19928935 19929069 -9964450 19928901    20037 

Scaled residuals: 
    Min      1Q  Median      3Q     Max 
-56.688  -5.635  -0.060   5.719  53.314 

Random effects:
 Groups  Name        Variance Std.Dev.
 game_id (Intercept) 0.38939  0.6240  
 defense (Intercept) 0.04873  0.2208  
 offense (Intercept) 0.03543  0.1882  
Number of obs: 20054, groups:  game_id, 10002; defense, 240; offense, 240

Fixed effects:
                    Estimate Std. Error z value Pr(>|z|)    
(Intercept)        0.8699656  0.0495338   17.56  < 2e-16 ***
year2009          -0.0098199  0.0727910   -0.13    0.893    
year2010           0.0040512  0.0718784    0.06    0.955    
year2011          -0.0119860  0.0726542   -0.16    0.869    
year2012          -0.0246224  0.0724624   -0.34    0.734    
year2013           0.0280388  0.0734580    0.38    0.703    
year2014          -0.0028593  0.0719751   -0.04    0.968    
year2015          -0.0398016  0.0748236   -0.53    0.595    
fieldoffense_home  0.0958977  0.0004977  192.69  < 2e-16 ***
status2OT          0.3670172  0.0619929    5.92 3.21e-09 ***
status3OT          0.1722917  0.1690716    1.02    0.308    
status4OT         -0.2835394  0.2317024   -1.22    0.221    
statusOT          -0.2833225  0.0185949  -15.24  < 2e-16 ***
statusSO          -0.2601354  0.0192605  -13.51  < 2e-16 ***
---
Signif. codes:  0 ‘***’ 0.001 ‘**’ 0.01 ‘*’ 0.05 ‘.’ 0.1 ‘ ’ 1

Correlation of Fixed Effects:
            (Intr) yr2009 yr2010 yr2011 yr2012 yr2013 yr2014 yr2015 fldff_
year2009    -0.659                                                        
year2010    -0.652  0.432                                                 
year2011    -0.661  0.441  0.434                                          
year2012    -0.659  0.436  0.434  0.439                                   
year2013    -0.640  0.421  0.418  0.425  0.423                            
year2014    -0.659  0.444  0.430  0.445  0.441  0.424                     
year2015    -0.662  0.438  0.434  0.440  0.439  0.425  0.439              
fildffns_hm -0.005  0.000  0.000  0.000  0.000  0.000  0.000  0.000       
status2OT    0.005  0.009 -0.010 -0.014  0.000 -0.019 -0.023 -0.012  0.000
status3OT   -0.034  0.033  0.031  0.036  0.019  0.026  0.004  0.019  0.000
status4OT    0.014  0.001 -0.025 -0.014  0.001 -0.029 -0.008 -0.008  0.000
statusOT    -0.041  0.009 -0.006 -0.013 -0.004  0.001 -0.010 -0.006  0.000
statusSO    -0.056  0.003  0.000  0.003  0.001  0.006 -0.003  0.000  0.000
            stt2OT stt3OT stt4OT sttsOT
year2009                               
year2010                               
year2011                               
year2012                               
year2013                               
year2014                               
year2015                               
fildffns_hm                            
status2OT                              
status3OT    0.021                     
status4OT   -0.021 -0.067              
statusOT     0.074  0.018  0.003       
statusSO     0.021  0.008  0.000  0.123
[1] TRUE
