BEGIN
CREATE TABLE
INSERT 0 135
 rk  |             school              | div |  str  |  ofs  |  dfs  |  sos  
-----+---------------------------------+-----+-------+-------+-------+-------
   1 | yale                            |   1 | 4.787 | 2.157 | 0.451 | 1.533
   2 | north-dakota                    |   1 | 4.614 | 2.105 | 0.456 | 1.613
   3 | miami                           |   1 | 4.549 | 2.091 | 0.460 | 1.614
   4 | union                           |   1 | 4.352 | 1.902 | 0.437 | 1.515
   5 | boston-college                  |   1 | 4.325 | 2.018 | 0.467 | 1.556
   6 | michigan                        |   1 | 4.123 | 1.952 | 0.473 | 1.614
   7 | notre-dame                      |   1 | 3.879 | 2.033 | 0.524 | 1.617
   8 | new-hampshire                   |   1 | 3.874 | 1.920 | 0.496 | 1.589
   9 | nebraska-omaha                  |   1 | 3.824 | 1.845 | 0.482 | 1.601
  10 | merrimack                       |   1 | 3.775 | 1.816 | 0.481 | 1.539
  11 | minnesota-duluth                |   1 | 3.545 | 1.846 | 0.521 | 1.602
  12 | rensselaer                      |   1 | 3.534 | 1.609 | 0.455 | 1.535
  13 | dartmouth                       |   1 | 3.533 | 1.797 | 0.509 | 1.558
  14 | maine                           |   1 | 3.481 | 1.838 | 0.528 | 1.591
  15 | wisconsin                       |   1 | 3.467 | 1.688 | 0.487 | 1.557
  16 | denver                          |   1 | 3.426 | 1.793 | 0.523 | 1.604
  17 | western-michigan                |   1 | 3.300 | 1.564 | 0.474 | 1.619
  18 | minnesota                       |   1 | 3.233 | 1.762 | 0.545 | 1.601
  19 | alaska                          |   1 | 3.136 | 1.438 | 0.459 | 1.640
  20 | princeton                       |   1 | 3.129 | 1.748 | 0.559 | 1.484
  21 | st-cloud-state                  |   1 | 3.098 | 1.730 | 0.558 | 1.656
  22 | ferris-state                    |   1 | 3.064 | 1.382 | 0.451 | 1.574
  23 | ohio-state                      |   1 | 3.040 | 1.544 | 0.508 | 1.565
  24 | colorado-college                |   1 | 3.037 | 1.761 | 0.580 | 1.625
  25 | boston-university               |   1 | 2.983 | 1.601 | 0.537 | 1.586
  26 | northeastern                    |   1 | 2.878 | 1.479 | 0.514 | 1.570
  27 | minnesota-state                 |   1 | 2.798 | 1.579 | 0.564 | 1.577
  28 | cornell                         |   1 | 2.760 | 1.470 | 0.532 | 1.576
  29 | michigan-state                  |   1 | 2.757 | 1.520 | 0.551 | 1.609
  30 | rit                             |   1 | 2.714 | 1.572 | 0.579 | 1.411
  31 | bemidji-state                   |   1 | 2.695 | 1.334 | 0.495 | 1.638
  32 | mercyhurst                      |   1 | 2.596 | 1.636 | 0.630 | 1.412
  33 | robert-morris                   |   1 | 2.560 | 1.446 | 0.565 | 1.402
  34 | brown                           |   1 | 2.549 | 1.631 | 0.640 | 1.603
  35 | air-force                       |   1 | 2.518 | 1.690 | 0.671 | 1.418
  36 | quinnipiac                      |   1 | 2.477 | 1.384 | 0.559 | 1.566
  37 | st-lawrence                     |   1 | 2.441 | 1.478 | 0.606 | 1.597
  38 | alaska-anchorage                |   1 | 2.427 | 1.360 | 0.560 | 1.650
  39 | clarkson                        |   1 | 2.381 | 1.502 | 0.631 | 1.544
  40 | niagara                         |   1 | 2.379 | 1.657 | 0.697 | 1.415
  41 | northern-michigan               |   1 | 2.302 | 1.394 | 0.605 | 1.563
  42 | lake-superior                   |   1 | 2.291 | 1.370 | 0.598 | 1.612
  43 | holy-cross                      |   1 | 2.269 | 1.506 | 0.664 | 1.385
  44 | harvard                         |   1 | 2.265 | 1.287 | 0.568 | 1.597
  45 | massachusetts                   |   1 | 2.223 | 1.444 | 0.649 | 1.605
  46 | vermont                         |   1 | 2.197 | 1.316 | 0.599 | 1.616
  47 | colgate                         |   1 | 2.140 | 1.420 | 0.664 | 1.604
  48 | canisius                        |   1 | 1.987 | 1.380 | 0.694 | 1.440
  49 | providence                      |   1 | 1.968 | 1.248 | 0.634 | 1.570
  50 | connecticut                     |   1 | 1.949 | 1.445 | 0.741 | 1.414
  51 | bowling-green                   |   1 | 1.946 | 1.120 | 0.576 | 1.588
  52 | umass-lowell                    |   1 | 1.881 | 1.391 | 0.740 | 1.587
  53 | army                            |   1 | 1.753 | 1.179 | 0.672 | 1.385
  54 | bentley                         |   1 | 1.717 | 1.209 | 0.704 | 1.372
  55 | oswego                          |   3 | 1.714 | 1.154 | 0.673 | 0.985
  56 | michigan-tech                   |   1 | 1.681 | 1.277 | 0.759 | 1.650
  57 | alabama-huntsville              |   1 | 1.515 | 1.210 | 0.799 | 1.568
  58 | elmira                          |   3 | 1.484 | 1.207 | 0.813 | 1.038
  59 | american-international          |   1 | 1.465 | 1.265 | 0.863 | 1.397
  60 | castleton                       |   3 | 1.448 | 1.180 | 0.815 | 0.896
  61 | st-norbert                      |   3 | 1.447 | 1.026 | 0.709 | 0.971
  62 | norwich                         |   3 | 1.410 | 1.164 | 0.825 | 0.936
  63 | utica                           |   3 | 1.348 | 1.071 | 0.795 | 0.990
  64 | sacred-heart                    |   1 | 1.320 | 1.233 | 0.934 | 1.426
  65 | adrian                          |   3 | 1.296 | 1.174 | 0.906 | 0.870
  66 | plattsburgh                     |   3 | 1.278 | 1.149 | 0.899 | 0.984
  67 | manhattanville                  |   3 | 1.256 | 1.055 | 0.840 | 1.019
  68 | hobart                          |   3 | 1.254 | 1.068 | 0.852 | 1.037
  69 | milwaukee-school-of-engineering |   3 | 1.185 | 0.927 | 0.782 | 0.828
  70 | neumann                         |   3 | 1.162 | 0.964 | 0.830 | 1.010
  71 | geneseo                         |   3 | 1.128 | 0.962 | 0.853 | 0.945
  72 | williams                        |   3 | 1.116 | 0.975 | 0.874 | 0.922
  73 | salem-state                     |   3 | 1.115 | 1.063 | 0.953 | 0.855
  74 | wisconsin-superior              |   3 | 1.087 | 0.960 | 0.883 | 0.979
  75 | wisconsin-eau-claire            |   3 | 1.084 | 0.976 | 0.901 | 0.991
  76 | marian                          |   3 | 1.069 | 1.030 | 0.963 | 0.840
  77 | bowdoin                         |   3 | 1.062 | 1.160 | 1.093 | 0.924
  78 | fredonia                        |   3 | 1.060 | 1.015 | 0.958 | 0.966
  79 | hamline                         |   3 | 1.047 | 0.976 | 0.932 | 0.944
  80 | buffalo-state                   |   3 | 1.023 | 0.907 | 0.886 | 0.974
  81 | wisconsin-stevens-point         |   3 | 1.009 | 0.938 | 0.929 | 0.999
  82 | wisconsin-stout                 |   3 | 1.005 | 1.095 | 1.089 | 0.976
  83 | hamilton                        |   3 | 1.002 | 1.009 | 1.007 | 0.917
  84 | st-thomas                       |   3 | 1.001 | 0.936 | 0.935 | 0.928
  85 | middlebury                      |   3 | 0.985 | 0.879 | 0.893 | 0.927
  86 | wisconsin-river-falls           |   3 | 0.969 | 0.841 | 0.868 | 0.966
  87 | plymouth-state                  |   3 | 0.954 | 0.871 | 0.913 | 0.810
  88 | amherst                         |   3 | 0.950 | 0.870 | 0.917 | 0.921
  89 | fitchburg-state                 |   3 | 0.941 | 1.000 | 1.063 | 0.856
  90 | colby                           |   3 | 0.938 | 0.975 | 1.039 | 0.921
  91 | umass-dartmouth                 |   3 | 0.902 | 0.828 | 0.918 | 0.826
  92 | augsburg                        |   3 | 0.898 | 0.905 | 1.008 | 0.879
  93 | umass-boston                    |   3 | 0.888 | 0.933 | 1.050 | 0.865
  94 | wesleyan                        |   3 | 0.882 | 0.911 | 1.033 | 0.912
  95 | st-olaf                         |   3 | 0.872 | 0.818 | 0.938 | 0.899
  96 | wentworth                       |   3 | 0.869 | 0.909 | 1.046 | 0.821
  97 | morrisville                     |   3 | 0.840 | 1.008 | 1.200 | 1.031
  98 | trinity                         |   3 | 0.840 | 0.748 | 0.890 | 0.903
  99 | curry                           |   3 | 0.837 | 0.979 | 1.170 | 0.874
 100 | gustavus-adolphus               |   3 | 0.823 | 0.831 | 1.009 | 0.891
 101 | concordia-mn                    |   3 | 0.817 | 0.870 | 1.064 | 0.907
 102 | skidmore                        |   3 | 0.772 | 0.831 | 1.077 | 0.948
 103 | babson                          |   3 | 0.752 | 0.872 | 1.160 | 0.934
 104 | st-anselm                       |   2 | 0.748 | 0.959 | 1.282 | 0.854
 105 | st-scholastica                  |   3 | 0.704 | 0.867 | 1.231 | 0.994
 106 | southern-maine                  |   3 | 0.695 | 0.778 | 1.119 | 0.954
 107 | johnson-and-wales               |   3 | 0.665 | 0.859 | 1.292 | 0.788
 108 | connecticut-college             |   3 | 0.663 | 0.770 | 1.160 | 0.905
 109 | st-johns                        |   3 | 0.658 | 0.728 | 1.107 | 0.944
 110 | new-england-college             |   3 | 0.635 | 0.774 | 1.219 | 0.929
 111 | st-marys                        |   3 | 0.634 | 0.824 | 1.298 | 0.950
 112 | nichols                         |   3 | 0.628 | 0.844 | 1.344 | 0.788
 113 | lawrence                        |   3 | 0.627 | 0.762 | 1.215 | 0.861
 114 | bethel                          |   3 | 0.615 | 0.928 | 1.508 | 0.921
 115 | cortland                        |   3 | 0.615 | 0.835 | 1.357 | 1.024
 116 | potsdam                         |   3 | 0.602 | 0.905 | 1.505 | 0.987
 117 | worcester-state                 |   3 | 0.600 | 0.725 | 1.208 | 0.839
 118 | brockport                       |   3 | 0.586 | 0.855 | 1.458 | 0.982
 119 | westfield-state                 |   3 | 0.567 | 0.843 | 1.486 | 0.890
 120 | st-michaels                     |   2 | 0.554 | 0.838 | 1.514 | 0.852
 121 | becker                          |   3 | 0.548 | 0.771 | 1.407 | 0.780
 122 | tufts                           |   3 | 0.526 | 0.809 | 1.538 | 0.905
 123 | northland                       |   3 | 0.517 | 0.807 | 1.559 | 0.842
 124 | lake-forest                     |   3 | 0.507 | 0.698 | 1.377 | 0.904
 125 | suffolk                         |   3 | 0.463 | 0.607 | 1.312 | 0.796
 126 | western-new-england             |   3 | 0.445 | 0.861 | 1.933 | 0.810
 127 | university-of-new-england       |   3 | 0.404 | 0.774 | 1.914 | 0.886
 128 | framingham-state                |   3 | 0.402 | 0.690 | 1.717 | 0.868
 129 | assumption                      |   2 | 0.402 | 0.698 | 1.735 | 0.737
 130 | finlandia                       |   3 | 0.395 | 0.639 | 1.621 | 0.871
 131 | stonehill                       |   2 | 0.342 | 0.597 | 1.746 | 0.730
 132 | franklin-pierce                 |   2 | 0.337 | 0.658 | 1.951 | 0.776
 133 | concordia-wi                    |   3 | 0.334 | 0.574 | 1.718 | 0.910
 134 | salve-regina                    |   3 | 0.299 | 0.698 | 2.332 | 0.801
 135 | so-new-hampshire                |   2 | 0.250 | 0.533 | 2.134 | 0.726
(135 rows)

COMMIT
