BEGIN
CREATE TABLE
INSERT 0 145
 rk  |             school              | div |  str  |  ofs  |  dfs  |  sos  
-----+---------------------------------+-----+-------+-------+-------+-------
   1 | denver                          |   1 | 4.353 | 1.778 | 0.408 | 1.530
   2 | harvard                         |   1 | 3.946 | 2.019 | 0.512 | 1.454
   3 | minnesota-duluth                |   1 | 3.908 | 1.878 | 0.480 | 1.586
   4 | notre-dame                      |   1 | 3.698 | 1.738 | 0.470 | 1.539
   5 | umass-lowell                    |   1 | 3.680 | 1.874 | 0.509 | 1.508
   6 | boston-university               |   1 | 3.677 | 1.732 | 0.471 | 1.568
   7 | minnesota                       |   1 | 3.507 | 1.930 | 0.550 | 1.515
   8 | boston-college                  |   1 | 3.389 | 1.780 | 0.525 | 1.562
   9 | north-dakota                    |   1 | 3.311 | 1.765 | 0.533 | 1.576
  10 | penn-state                      |   1 | 3.280 | 1.930 | 0.588 | 1.463
  11 | providence                      |   1 | 3.227 | 1.637 | 0.507 | 1.514
  12 | ohio-state                      |   1 | 3.221 | 1.965 | 0.610 | 1.463
  13 | western-michigan                |   1 | 3.215 | 1.841 | 0.572 | 1.561
  14 | northeastern                    |   1 | 3.198 | 1.962 | 0.614 | 1.535
  15 | union                           |   1 | 3.100 | 1.893 | 0.611 | 1.432
  16 | cornell                         |   1 | 2.975 | 1.499 | 0.504 | 1.457
  17 | michigan-tech                   |   1 | 2.967 | 1.533 | 0.517 | 1.420
  18 | vermont                         |   1 | 2.944 | 1.686 | 0.573 | 1.534
  19 | air-force                       |   1 | 2.938 | 1.570 | 0.534 | 1.379
  20 | st-lawrence                     |   1 | 2.887 | 1.484 | 0.514 | 1.492
  21 | quinnipiac                      |   1 | 2.822 | 1.530 | 0.542 | 1.458
  22 | minnesota-state                 |   1 | 2.753 | 1.573 | 0.572 | 1.419
  23 | st-cloud-state                  |   1 | 2.722 | 1.664 | 0.611 | 1.584
  24 | clarkson                        |   1 | 2.707 | 1.649 | 0.609 | 1.486
  25 | wisconsin                       |   1 | 2.693 | 1.820 | 0.676 | 1.536
  26 | bemidji-state                   |   1 | 2.689 | 1.236 | 0.460 | 1.440
  27 | omaha                           |   1 | 2.665 | 1.744 | 0.654 | 1.571
  28 | canisius                        |   1 | 2.577 | 1.327 | 0.515 | 1.343
  29 | bowling-green                   |   1 | 2.568 | 1.521 | 0.592 | 1.407
  30 | robert-morris                   |   1 | 2.499 | 1.517 | 0.607 | 1.358
  31 | army                            |   1 | 2.475 | 1.344 | 0.543 | 1.339
  32 | yale                            |   1 | 2.473 | 1.548 | 0.626 | 1.482
  33 | miami                           |   1 | 2.457 | 1.489 | 0.606 | 1.624
  34 | merrimack                       |   1 | 2.415 | 1.328 | 0.550 | 1.513
  35 | connecticut                     |   1 | 2.403 | 1.425 | 0.593 | 1.503
  36 | new-hampshire                   |   1 | 2.347 | 1.657 | 0.706 | 1.507
  37 | michigan                        |   1 | 2.311 | 1.401 | 0.606 | 1.550
  38 | princeton                       |   1 | 2.238 | 1.585 | 0.708 | 1.458
  39 | ferris-state                    |   1 | 2.111 | 1.332 | 0.631 | 1.403
  40 | maine                           |   1 | 2.070 | 1.514 | 0.731 | 1.492
  41 | northern-michigan               |   1 | 2.059 | 1.298 | 0.630 | 1.438
  42 | rit                             |   1 | 2.030 | 1.428 | 0.703 | 1.374
  43 | dartmouth                       |   1 | 1.959 | 1.436 | 0.733 | 1.493
  44 | holy-cross                      |   1 | 1.950 | 1.365 | 0.700 | 1.364
  45 | bentley                         |   1 | 1.944 | 1.335 | 0.687 | 1.410
  46 | lake-superior                   |   1 | 1.935 | 1.481 | 0.765 | 1.395
  47 | colorado-college                |   1 | 1.902 | 1.210 | 0.636 | 1.631
  48 | michigan-state                  |   1 | 1.896 | 1.336 | 0.705 | 1.587
  49 | mercyhurst                      |   1 | 1.817 | 1.347 | 0.741 | 1.358
  50 | colgate                         |   1 | 1.797 | 1.166 | 0.649 | 1.472
  51 | arizona-state                   |   1 | 1.761 | 1.412 | 0.801 | 1.388
  52 | sacred-heart                    |   1 | 1.755 | 1.248 | 0.711 | 1.396
  53 | oswego                          |   3 | 1.751 | 1.278 | 0.730 | 0.952
  54 | alaska                          |   1 | 1.691 | 1.214 | 0.718 | 1.420
  55 | trinity                         |   3 | 1.690 | 1.227 | 0.726 | 0.966
  56 | endicott                        |   3 | 1.646 | 1.295 | 0.787 | 0.891
  57 | norwich                         |   3 | 1.629 | 1.190 | 0.731 | 0.906
  58 | st-norbert                      |   3 | 1.602 | 1.043 | 0.651 | 0.907
  59 | rensselaer                      |   1 | 1.592 | 1.196 | 0.751 | 1.476
  60 | adrian                          |   3 | 1.516 | 1.259 | 0.831 | 0.940
  61 | alaska-anchorage                |   1 | 1.506 | 1.035 | 0.687 | 1.437
  62 | hamilton                        |   3 | 1.506 | 1.021 | 0.678 | 0.989
  63 | alabama-huntsville              |   1 | 1.498 | 1.198 | 0.800 | 1.409
  64 | massachusetts                   |   1 | 1.478 | 1.088 | 0.736 | 1.538
  65 | american-international          |   1 | 1.475 | 1.170 | 0.793 | 1.356
  66 | wisconsin-stevens-point         |   3 | 1.441 | 1.271 | 0.882 | 0.950
  67 | brown                           |   1 | 1.382 | 1.196 | 0.866 | 1.482
  68 | wisconsin-eau-claire            |   3 | 1.350 | 1.109 | 0.822 | 0.947
  69 | hobart                          |   3 | 1.325 | 1.130 | 0.853 | 0.947
  70 | geneseo                         |   3 | 1.289 | 1.247 | 0.967 | 0.934
  71 | amherst                         |   3 | 1.272 | 0.998 | 0.785 | 0.983
  72 | new-england-college             |   3 | 1.233 | 1.061 | 0.860 | 0.888
  73 | university-of-new-england       |   3 | 1.165 | 1.333 | 1.144 | 0.922
  74 | augsburg                        |   3 | 1.165 | 1.147 | 0.985 | 0.933
  75 | williams                        |   3 | 1.160 | 1.033 | 0.890 | 1.031
  76 | neumann                         |   3 | 1.147 | 1.194 | 1.041 | 0.900
  77 | niagara                         |   1 | 1.133 | 1.062 | 0.937 | 1.403
  78 | buffalo-state                   |   3 | 1.115 | 0.921 | 0.826 | 0.921
  79 | plymouth-state                  |   3 | 1.108 | 1.060 | 0.956 | 0.832
  80 | colby                           |   3 | 1.095 | 1.011 | 0.922 | 0.989
  81 | utica                           |   3 | 1.092 | 1.029 | 0.943 | 0.951
  82 | wesleyan                        |   3 | 1.062 | 0.984 | 0.926 | 0.966
  83 | st-thomas                       |   3 | 1.046 | 0.962 | 0.921 | 0.939
  84 | babson                          |   3 | 1.044 | 0.809 | 0.775 | 0.934
  85 | fredonia                        |   3 | 1.025 | 1.028 | 1.002 | 0.883
  86 | umass-boston                    |   3 | 0.999 | 1.068 | 1.069 | 0.894
  87 | lake-forest                     |   3 | 0.974 | 1.010 | 1.036 | 0.892
  88 | plattsburgh                     |   3 | 0.945 | 1.000 | 1.058 | 0.989
  89 | nichols                         |   3 | 0.941 | 0.902 | 0.960 | 0.876
  90 | salve-regina                    |   3 | 0.938 | 0.930 | 0.991 | 0.883
  91 | st-marys                        |   3 | 0.923 | 1.021 | 1.106 | 0.919
  92 | tufts                           |   3 | 0.918 | 0.789 | 0.860 | 0.984
  93 | manhattanville                  |   3 | 0.907 | 1.019 | 1.124 | 0.933
  94 | marian                          |   3 | 0.906 | 0.947 | 1.044 | 0.919
  95 | wisconsin-river-falls           |   3 | 0.895 | 0.739 | 0.826 | 0.922
  96 | hamline                         |   3 | 0.877 | 0.979 | 1.116 | 0.927
  97 | st-johns                        |   3 | 0.858 | 0.889 | 1.036 | 0.923
  98 | bowdoin                         |   3 | 0.848 | 1.042 | 1.229 | 1.009
  99 | concordia-mn                    |   3 | 0.847 | 0.865 | 1.021 | 0.952
 100 | curry                           |   3 | 0.846 | 0.979 | 1.156 | 0.916
 101 | castleton                       |   3 | 0.843 | 0.842 | 0.998 | 0.905
 102 | st-scholastica                  |   3 | 0.820 | 0.921 | 1.124 | 0.906
 103 | milwaukee-school-of-engineering |   3 | 0.819 | 0.873 | 1.065 | 0.894
 104 | johnson-and-wales               |   3 | 0.808 | 0.838 | 1.037 | 0.872
 105 | cortland                        |   3 | 0.794 | 1.069 | 1.347 | 0.954
 106 | brockport                       |   3 | 0.778 | 0.958 | 1.232 | 0.961
 107 | salem-state                     |   3 | 0.764 | 0.842 | 1.102 | 0.856
 108 | concordia-wi                    |   3 | 0.760 | 0.830 | 1.092 | 0.891
 109 | skidmore                        |   3 | 0.752 | 0.835 | 1.110 | 0.945
 110 | nazareth                        |   3 | 0.750 | 0.806 | 1.075 | 0.971
 111 | st-anselm                       |   2 | 0.745 | 0.808 | 1.083 | 0.852
 112 | elmira                          |   3 | 0.741 | 0.925 | 1.249 | 0.980
 113 | northland                       |   3 | 0.738 | 0.960 | 1.301 | 0.915
 114 | southern-maine                  |   3 | 0.728 | 0.728 | 1.000 | 0.926
 115 | umass-dartmouth                 |   3 | 0.717 | 0.947 | 1.320 | 0.808
 116 | wisconsin-stout                 |   3 | 0.701 | 0.858 | 1.224 | 0.918
 117 | morrisville                     |   3 | 0.690 | 1.046 | 1.515 | 0.969
 118 | connecticut-college             |   3 | 0.687 | 0.758 | 1.102 | 0.991
 119 | canton                          |   3 | 0.673 | 0.867 | 1.288 | 0.983
 120 | wisconsin-superior              |   3 | 0.672 | 0.820 | 1.220 | 0.945
 121 | st-olaf                         |   3 | 0.668 | 0.777 | 1.164 | 0.929
 122 | gustavus-adolphus               |   3 | 0.666 | 0.687 | 1.032 | 0.933
 123 | stevenson                       |   3 | 0.662 | 0.787 | 1.189 | 0.937
 124 | westfield-state                 |   3 | 0.643 | 0.774 | 1.203 | 0.792
 125 | lawrence                        |   3 | 0.626 | 0.750 | 1.198 | 0.927
 126 | middlebury                      |   3 | 0.605 | 0.712 | 1.177 | 1.034
 127 | worcester-state                 |   3 | 0.579 | 0.695 | 1.199 | 0.788
 128 | potsdam                         |   3 | 0.569 | 0.755 | 1.328 | 0.952
 129 | fitchburg-state                 |   3 | 0.553 | 0.757 | 1.370 | 0.833
 130 | bethel                          |   3 | 0.545 | 0.805 | 1.478 | 0.942
 131 | wentworth                       |   3 | 0.518 | 0.609 | 1.177 | 0.862
 132 | western-new-england             |   3 | 0.499 | 0.704 | 1.412 | 0.890
 133 | suffolk                         |   3 | 0.498 | 0.688 | 1.381 | 0.852
 134 | st-michaels                     |   2 | 0.465 | 0.664 | 1.430 | 0.866
 135 | stonehill                       |   2 | 0.453 | 0.665 | 1.469 | 0.769
 136 | lebanon-valley                  |   3 | 0.452 | 0.778 | 1.723 | 0.852
 137 | aurora                          |   3 | 0.424 | 0.602 | 1.420 | 0.944
 138 | assumption                      |   2 | 0.423 | 0.681 | 1.612 | 0.762
 139 | becker                          |   3 | 0.421 | 0.682 | 1.620 | 0.897
 140 | so-new-hampshire                |   2 | 0.393 | 0.628 | 1.600 | 0.747
 141 | franklin-pierce                 |   2 | 0.392 | 0.597 | 1.524 | 0.725
 142 | finlandia                       |   3 | 0.292 | 0.501 | 1.715 | 0.926
 143 | framingham-state                |   3 | 0.284 | 0.566 | 1.993 | 0.827
 144 | daniel-webster                  |   3 | 0.259 | 0.549 | 2.121 | 0.890
 145 | post                            |   2 | 0.135 | 0.435 | 3.222 | 0.784
(145 rows)

COPY 145
COMMIT
