BEGIN
CREATE TABLE
INSERT 0 139
 rk  |             school              | div |  str  |  ofs  |  dfs  |  sos  
-----+---------------------------------+-----+-------+-------+-------+-------
   1 | minnesota                       |   1 | 4.059 | 1.845 | 0.455 | 1.492
   2 | quinnipiac                      |   1 | 3.921 | 1.578 | 0.402 | 1.467
   3 | north-dakota                    |   1 | 3.366 | 1.748 | 0.519 | 1.525
   4 | union                           |   1 | 3.290 | 1.627 | 0.494 | 1.456
   5 | minnesota-state                 |   1 | 3.265 | 1.717 | 0.526 | 1.512
   6 | miami                           |   1 | 3.259 | 1.389 | 0.426 | 1.468
   7 | st-cloud-state                  |   1 | 3.246 | 1.741 | 0.536 | 1.517
   8 | new-hampshire                   |   1 | 3.197 | 1.691 | 0.529 | 1.479
   9 | denver                          |   1 | 3.184 | 1.800 | 0.566 | 1.554
  10 | notre-dame                      |   1 | 3.179 | 1.587 | 0.499 | 1.484
  11 | umass-lowell                    |   1 | 3.175 | 1.534 | 0.483 | 1.443
  12 | wisconsin                       |   1 | 3.167 | 1.456 | 0.460 | 1.499
  13 | rensselaer                      |   1 | 2.899 | 1.560 | 0.538 | 1.498
  14 | providence                      |   1 | 2.808 | 1.512 | 0.538 | 1.487
  15 | boston-college                  |   1 | 2.766 | 1.765 | 0.638 | 1.443
  16 | nebraska-omaha                  |   1 | 2.700 | 1.740 | 0.644 | 1.497
  17 | colorado-college                |   1 | 2.644 | 1.798 | 0.680 | 1.575
  18 | western-michigan                |   1 | 2.623 | 1.271 | 0.485 | 1.468
  19 | ferris-state                    |   1 | 2.614 | 1.462 | 0.559 | 1.473
  20 | air-force                       |   1 | 2.584 | 1.545 | 0.598 | 1.352
  21 | boston-university               |   1 | 2.570 | 1.620 | 0.630 | 1.465
  22 | brown                           |   1 | 2.539 | 1.373 | 0.541 | 1.483
  23 | yale                            |   1 | 2.531 | 1.541 | 0.609 | 1.515
  24 | dartmouth                       |   1 | 2.518 | 1.506 | 0.598 | 1.464
  25 | colgate                         |   1 | 2.472 | 1.592 | 0.644 | 1.461
  26 | niagara                         |   1 | 2.466 | 1.474 | 0.598 | 1.365
  27 | ohio-state                      |   1 | 2.457 | 1.373 | 0.559 | 1.492
  28 | michigan-tech                   |   1 | 2.435 | 1.587 | 0.652 | 1.522
  29 | bowling-green                   |   1 | 2.434 | 1.429 | 0.587 | 1.492
  30 | cornell                         |   1 | 2.398 | 1.386 | 0.578 | 1.514
  31 | michigan                        |   1 | 2.365 | 1.781 | 0.753 | 1.479
  32 | mercyhurst                      |   1 | 2.340 | 1.517 | 0.648 | 1.357
  33 | minnesota-duluth                |   1 | 2.323 | 1.434 | 0.617 | 1.502
  34 | canisius                        |   1 | 2.313 | 1.294 | 0.559 | 1.389
  35 | alaska                          |   1 | 2.300 | 1.441 | 0.627 | 1.458
  36 | robert-morris                   |   1 | 2.254 | 1.468 | 0.651 | 1.361
  37 | st-lawrence                     |   1 | 2.250 | 1.486 | 0.660 | 1.433
  38 | merrimack                       |   1 | 2.216 | 1.301 | 0.587 | 1.451
  39 | massachusetts                   |   1 | 2.204 | 1.482 | 0.672 | 1.471
  40 | northern-michigan               |   1 | 2.175 | 1.365 | 0.627 | 1.504
  41 | connecticut                     |   1 | 2.153 | 1.298 | 0.603 | 1.348
  42 | holy-cross                      |   1 | 2.065 | 1.389 | 0.672 | 1.346
  43 | clarkson                        |   1 | 2.026 | 1.397 | 0.689 | 1.495
  44 | michigan-state                  |   1 | 2.025 | 1.216 | 0.601 | 1.508
  45 | lake-superior                   |   1 | 2.017 | 1.309 | 0.649 | 1.459
  46 | rit                             |   1 | 2.012 | 1.529 | 0.760 | 1.364
  47 | oswego                          |   3 | 2.003 | 1.358 | 0.678 | 0.971
  48 | princeton                       |   1 | 1.978 | 1.281 | 0.648 | 1.460
  49 | vermont                         |   1 | 1.930 | 1.275 | 0.661 | 1.491
  50 | bemidji-state                   |   1 | 1.919 | 1.218 | 0.635 | 1.552
  51 | maine                           |   1 | 1.899 | 1.162 | 0.612 | 1.481
  52 | harvard                         |   1 | 1.895 | 1.301 | 0.686 | 1.493
  53 | bentley                         |   1 | 1.852 | 1.445 | 0.780 | 1.327
  54 | st-norbert                      |   3 | 1.841 | 1.199 | 0.651 | 0.975
  55 | utica                           |   3 | 1.732 | 1.331 | 0.769 | 1.023
  56 | penn-state                      |   1 | 1.716 | 1.266 | 0.738 | 1.247
  57 | hobart                          |   3 | 1.704 | 1.148 | 0.674 | 1.001
  58 | northeastern                    |   1 | 1.665 | 1.281 | 0.769 | 1.441
  59 | norwich                         |   3 | 1.658 | 1.124 | 0.678 | 0.966
  60 | american-international          |   1 | 1.619 | 1.221 | 0.754 | 1.336
  61 | plattsburgh                     |   3 | 1.586 | 1.092 | 0.689 | 0.971
  62 | alaska-anchorage                |   1 | 1.580 | 1.172 | 0.742 | 1.592
  63 | adrian                          |   3 | 1.473 | 1.303 | 0.885 | 0.891
  64 | wisconsin-eau-claire            |   3 | 1.457 | 1.200 | 0.824 | 1.005
  65 | neumann                         |   3 | 1.426 | 1.020 | 0.715 | 1.005
  66 | army                            |   1 | 1.322 | 1.079 | 0.816 | 1.352
  67 | manhattanville                  |   3 | 1.277 | 1.119 | 0.876 | 1.004
  68 | amherst                         |   3 | 1.266 | 0.973 | 0.768 | 0.953
  69 | williams                        |   3 | 1.224 | 0.934 | 0.763 | 0.958
  70 | bowdoin                         |   3 | 1.218 | 1.166 | 0.958 | 0.915
  71 | wisconsin-stevens-point         |   3 | 1.172 | 1.110 | 0.947 | 1.013
  72 | babson                          |   3 | 1.165 | 0.962 | 0.826 | 0.940
  73 | trinity                         |   3 | 1.134 | 0.969 | 0.854 | 0.933
  74 | geneseo                         |   3 | 1.087 | 1.028 | 0.946 | 0.918
  75 | buffalo-state                   |   3 | 1.075 | 0.941 | 0.876 | 0.984
  76 | st-johns                        |   3 | 1.057 | 0.892 | 0.844 | 0.883
  77 | plymouth-state                  |   3 | 1.054 | 0.926 | 0.878 | 0.853
  78 | sacred-heart                    |   1 | 1.051 | 1.185 | 1.128 | 1.371
  79 | wesleyan                        |   3 | 1.047 | 1.055 | 1.008 | 0.939
  80 | middlebury                      |   3 | 1.027 | 1.105 | 1.076 | 1.006
  81 | wentworth                       |   3 | 0.993 | 0.827 | 0.833 | 0.874
  82 | st-thomas                       |   3 | 0.993 | 0.769 | 0.774 | 0.883
  83 | alabama-huntsville              |   1 | 0.992 | 0.864 | 0.871 | 1.300
  84 | gustavus-adolphus               |   3 | 0.986 | 0.857 | 0.869 | 0.902
  85 | umass-boston                    |   3 | 0.985 | 1.185 | 1.203 | 0.874
  86 | castleton                       |   3 | 0.969 | 0.963 | 0.994 | 0.932
  87 | st-scholastica                  |   3 | 0.968 | 1.070 | 1.105 | 0.997
  88 | milwaukee-school-of-engineering |   3 | 0.963 | 0.852 | 0.885 | 0.879
  89 | wisconsin-river-falls           |   3 | 0.938 | 0.920 | 0.981 | 0.999
  90 | st-anselm                       |   2 | 0.918 | 1.000 | 1.089 | 0.856
  91 | wisconsin-stout                 |   3 | 0.861 | 0.937 | 1.088 | 1.023
  92 | nichols                         |   3 | 0.838 | 0.808 | 0.964 | 0.840
  93 | wisconsin-superior              |   3 | 0.821 | 0.847 | 1.031 | 1.009
  94 | umass-dartmouth                 |   3 | 0.774 | 0.820 | 1.059 | 0.877
  95 | concordia-mn                    |   3 | 0.772 | 0.880 | 1.140 | 0.881
  96 | westfield-state                 |   3 | 0.771 | 0.971 | 1.260 | 0.818
  97 | marian                          |   3 | 0.770 | 0.717 | 0.931 | 0.877
  98 | elmira                          |   3 | 0.758 | 1.127 | 1.487 | 1.052
  99 | lake-forest                     |   3 | 0.756 | 0.750 | 0.991 | 0.886
 100 | st-olaf                         |   3 | 0.748 | 0.789 | 1.054 | 0.929
 101 | cortland                        |   3 | 0.727 | 0.975 | 1.340 | 0.979
 102 | salem-state                     |   3 | 0.716 | 0.867 | 1.211 | 0.843
 103 | fitchburg-state                 |   3 | 0.712 | 0.910 | 1.278 | 0.841
 104 | salve-regina                    |   3 | 0.707 | 1.007 | 1.425 | 0.887
 105 | nazareth                        |   3 | 0.702 | 0.886 | 1.263 | 1.054
 106 | skidmore                        |   3 | 0.701 | 0.974 | 1.388 | 0.922
 107 | new-england-college             |   3 | 0.692 | 0.770 | 1.113 | 0.908
 108 | augsburg                        |   3 | 0.687 | 0.796 | 1.159 | 0.905
 109 | brockport                       |   3 | 0.663 | 0.763 | 1.151 | 0.929
 110 | colby                           |   3 | 0.656 | 0.810 | 1.234 | 0.930
 111 | lawrence                        |   3 | 0.654 | 0.854 | 1.306 | 0.884
 112 | curry                           |   3 | 0.640 | 0.745 | 1.164 | 0.857
 113 | western-new-england             |   3 | 0.627 | 0.833 | 1.330 | 0.846
 114 | potsdam                         |   3 | 0.625 | 0.913 | 1.461 | 0.929
 115 | connecticut-college             |   3 | 0.624 | 0.772 | 1.236 | 0.959
 116 | becker                          |   3 | 0.617 | 0.932 | 1.510 | 0.822
 117 | hamilton                        |   3 | 0.605 | 0.748 | 1.238 | 0.974
 118 | tufts                           |   3 | 0.605 | 0.874 | 1.443 | 0.943
 119 | st-marys                        |   3 | 0.593 | 0.876 | 1.478 | 0.916
 120 | concordia-wi                    |   3 | 0.589 | 0.863 | 1.464 | 0.960
 121 | johnson-and-wales               |   3 | 0.583 | 0.914 | 1.570 | 0.841
 122 | morrisville                     |   3 | 0.568 | 0.820 | 1.443 | 0.974
 123 | southern-maine                  |   3 | 0.567 | 0.803 | 1.417 | 0.933
 124 | stonehill                       |   2 | 0.553 | 0.873 | 1.579 | 0.779
 125 | university-of-new-england       |   3 | 0.532 | 0.798 | 1.500 | 0.925
 126 | st-michaels                     |   2 | 0.520 | 0.726 | 1.396 | 0.882
 127 | bethel                          |   3 | 0.511 | 0.734 | 1.435 | 0.907
 128 | suffolk                         |   3 | 0.510 | 0.759 | 1.489 | 0.831
 129 | finlandia                       |   3 | 0.505 | 0.707 | 1.400 | 0.891
 130 | northland                       |   3 | 0.500 | 0.908 | 1.817 | 0.877
 131 | fredonia                        |   3 | 0.496 | 0.613 | 1.236 | 0.994
 132 | worcester-state                 |   3 | 0.473 | 0.632 | 1.337 | 0.840
 133 | franklin-pierce                 |   2 | 0.447 | 0.673 | 1.505 | 0.763
 134 | canton                          |   3 | 0.431 | 0.619 | 1.437 | 0.766
 135 | canton                          |   3 | 0.431 | 0.619 | 1.437 | 0.766
 136 | hamline                         |   3 | 0.428 | 0.647 | 1.510 | 0.919
 137 | framingham-state                |   3 | 0.408 | 0.797 | 1.955 | 0.842
 138 | so-new-hampshire                |   2 | 0.392 | 0.617 | 1.573 | 0.766
 139 | assumption                      |   2 | 0.353 | 0.580 | 1.644 | 0.767
(139 rows)

COMMIT
