 year | e_home_wins | home_wins 
------+-------------+-----------
 2002 |       49.64 |        47
 2003 |       49.25 |        49
 2004 |       48.94 |        52
 2006 |       45.79 |        44
 2007 |       44.50 |        45
 2008 |       46.72 |        50
 2009 |       47.93 |        52
 2010 |       49.03 |        46
 2011 |       49.19 |        48
 2012 |       47.39 |        39
(10 rows)

 year | model | naive | diff  | count 
------+-------+-------+-------+-------
 2002 |  0.56 |  0.52 |  0.03 |    90
 2003 |  0.56 |  0.55 |  0.01 |    89
 2004 |  0.55 |  0.58 | -0.03 |    89
 2006 |  0.54 |  0.53 |  0.01 |    83
 2007 |  0.62 |  0.56 |  0.06 |    81
 2008 |  0.61 |  0.59 |  0.02 |    85
 2009 |  0.60 |  0.60 |  0.00 |    87
 2010 |  0.54 |  0.52 |  0.02 |    89
 2011 |  0.56 |  0.54 |  0.02 |    89
 2012 |  0.48 |  0.45 |  0.02 |    86
(10 rows)

 model | naive | diff | count 
-------+-------+------+-------
  0.56 |  0.54 | 0.02 |   868
(1 row)

