[1] 69662     9
[1] TRUE
[1] 69662     8
start par. =  1 1 1 fn =  319145.9 
At return
eval:  73 fn:      275471.66 par: 2.00000e-07 0.277030 0.231682
(NM) 20: f = 275472 at       2e-07     0.27703    0.231682     1.16128 -0.00183256   -0.030845    -0.04843  -0.0164459  -0.0773263   -0.075201  -0.0833831   -0.102244   -0.137216     -0.1444  -0.0992156   -0.122416   -0.151155   -0.175263   -0.183968   -0.202929  -0.0705122   0.0597046    0.895901    0.599927   -0.611114   -0.461495  -0.0898062  -0.0196747  -0.0443125    0.202768  -0.0896576
(NM) 40: f = 275472 at       2e-07     0.27703    0.231682     1.16128 -0.00183256   -0.030845    -0.04843  -0.0164459  -0.0773263   -0.075201  -0.0833831   -0.102244   -0.137216     -0.1444  -0.0992156   -0.122416   -0.151155   -0.175263   -0.183968   -0.202929  -0.0705122   0.0597046    0.895901    0.599927   -0.611114   -0.461495  -0.0898062  -0.0196747  -0.0443125    0.202768  -0.0896576
(NM) 60: f = 275471 at 2.16806e-05    0.277419    0.232059     1.15413 -0.00114675  -0.0301579  -0.0477524  -0.0157713  -0.0766484  -0.0745159  -0.0827049   -0.101568   -0.136542   -0.143726  -0.0985419   -0.121741    -0.15048   -0.174591   -0.183295   -0.202258  -0.0703694   0.0598462    0.896605    0.600527   -0.610442   -0.460903  -0.0897162  -0.0189419  -0.0425356    0.205874  -0.0860823
(NM) 80: f = 275470 at 2.56556e-05    0.276499    0.231476     1.15576 0.000317651  -0.0287956   -0.046761  -0.0146599  -0.0759305  -0.0732688  -0.0818453   -0.101002   -0.136487   -0.143863  -0.0981373   -0.121506   -0.150822    -0.17538   -0.184331   -0.203553  -0.0707673    0.059385     0.89602    0.597169   -0.612017   -0.463854  -0.0896021  -0.0176744  -0.0345399    0.174008  -0.0699938
(NM) 100: f = 275470 at 2.81191e-05    0.276448    0.231456     1.15522 0.000525736  -0.0285973  -0.0465995  -0.0144871  -0.0757954  -0.0730818  -0.0816965   -0.100882   -0.136417   -0.143811  -0.0980329   -0.121417    -0.15079   -0.175392   -0.184367   -0.203614   -0.070792   0.0593541    0.896032    0.596902   -0.612104   -0.464082  -0.0895824  -0.0174808  -0.0598186      0.2129  -0.0680908
(NM) 120: f = 275470 at 2.81191e-05    0.276448    0.231456     1.15522 0.000525736  -0.0285973  -0.0465995  -0.0144871  -0.0757954  -0.0730818  -0.0816965   -0.100882   -0.136417   -0.143811  -0.0980329   -0.121417    -0.15079   -0.175392   -0.184367   -0.203614   -0.070792   0.0593541    0.896032    0.596902   -0.612104   -0.464082  -0.0895824  -0.0174808  -0.0598186      0.2129  -0.0680908
(NM) 140: f = 275470 at 2.97017e-05    0.276426    0.231303     1.15237 0.000682298  -0.0285582  -0.0468664   -0.014703  -0.0763033   -0.073168  -0.0819023   -0.101537   -0.137394   -0.144446  -0.0988401   -0.122391   -0.151123   -0.175691    -0.18463   -0.203826  -0.0707985   0.0593704    0.895341    0.595797   -0.612223   -0.460948  -0.0896498  -0.0176646  -0.0361732    0.215638  -0.0723455
(NM) 160: f = 275470 at  3.21575e-05     0.276886     0.231671      1.15328 -0.000529135   -0.0298173   -0.0471416   -0.0144313   -0.0763961   -0.0688694   -0.0815618    -0.101574    -0.137359    -0.144816   -0.0988108    -0.122288     -0.15071    -0.175329    -0.183846    -0.202787   -0.0707876    0.0595401     0.895246      0.59716    -0.612157    -0.463705   -0.0898429   -0.0184712   -0.0355449     0.216484   -0.0791513
(NM) 180: f = 275470 at   2.9738e-05     0.277227     0.231934      1.15081 -0.000277061   -0.0293699   -0.0473644   -0.0150453    -0.076414   -0.0737556   -0.0820661    -0.101447    -0.136773    -0.144075   -0.0985354    -0.121855     -0.15042    -0.174701    -0.183426    -0.202688   -0.0705172    0.0597369     0.896161     0.599165    -0.611048    -0.462019   -0.0896443   -0.0179662   -0.0390113      0.21066   -0.0823434
(NM) 200: f = 275470 at   2.9738e-05     0.277227     0.231934      1.15081 -0.000277061   -0.0293699   -0.0473644   -0.0150453    -0.076414   -0.0737556   -0.0820661    -0.101447    -0.136773    -0.144075   -0.0985354    -0.121855     -0.15042    -0.174701    -0.183426    -0.202688   -0.0705172    0.0597369     0.896161     0.599165    -0.611048    -0.462019   -0.0896443   -0.0179662   -0.0390113      0.21066   -0.0823434
(NM) 220: f = 275470 at   2.9738e-05     0.277227     0.231934      1.15081 -0.000277061   -0.0293699   -0.0473644   -0.0150453    -0.076414   -0.0737556   -0.0820661    -0.101447    -0.136773    -0.144075   -0.0985354    -0.121855     -0.15042    -0.174701    -0.183426    -0.202688   -0.0705172    0.0597369     0.896161     0.599165    -0.611048    -0.462019   -0.0896443   -0.0179662   -0.0390113      0.21066   -0.0823434
(NM) 240: f = 275470 at   2.9738e-05     0.277227     0.231934      1.15081 -0.000277061   -0.0293699   -0.0473644   -0.0150453    -0.076414   -0.0737556   -0.0820661    -0.101447    -0.136773    -0.144075   -0.0985354    -0.121855     -0.15042    -0.174701    -0.183426    -0.202688   -0.0705172    0.0597369     0.896161     0.599165    -0.611048    -0.462019   -0.0896443   -0.0179662   -0.0390113      0.21066   -0.0823434
(NM) 260: f = 275470 at 2.39121e-05    0.277119    0.231679     1.15366 5.77668e-05   -0.028914  -0.0481568  -0.0148395  -0.0772748  -0.0733405  -0.0817823   -0.101853   -0.137115   -0.144818  -0.0988942   -0.122206   -0.150459   -0.174072   -0.185315    -0.20329  -0.0707801   0.0596381    0.894977    0.598667   -0.612274   -0.462221  -0.0896099  -0.0174758  -0.0338119    0.213804  -0.0792312
(NM) 280: f = 275470 at 2.61441e-05    0.277011    0.231685     1.15218 0.000329383  -0.0287755  -0.0486147   -0.014882  -0.0772365  -0.0731836  -0.0813298   -0.101916   -0.137018   -0.144597  -0.0986911   -0.121884   -0.150708   -0.174763   -0.183466   -0.203331  -0.0707466   0.0595863    0.894233    0.598833   -0.612411   -0.461933  -0.0895399  -0.0172097  -0.0426855    0.214476  -0.0726526
(NM) 300: f = 275470 at 2.36485e-05    0.276988    0.231565     1.15348 -0.00190289  -0.0292094  -0.0483314   -0.015113  -0.0774383  -0.0735933   -0.081748   -0.101796    -0.13707   -0.144637  -0.0986822   -0.121994   -0.150911   -0.174897   -0.183694   -0.203193  -0.0706834   0.0596198    0.894715    0.598707   -0.611961   -0.462146   -0.089584  -0.0176772  -0.0333584    0.213301  -0.0759449
(NM) 320: f = 275470 at  2.75564e-05     0.277114     0.231799      1.15196 -0.000101097   -0.0292631   -0.0477698   -0.0150027    -0.076874   -0.0735821   -0.0819146    -0.101717    -0.136996    -0.144406   -0.0986639    -0.122032    -0.150583    -0.174823    -0.183556    -0.202948   -0.0705956    0.0596741      0.89547     0.598889    -0.611527    -0.462168   -0.0896329   -0.0179112   -0.0366434     0.212162   -0.0803387
(NM) 340: f = 275470 at  2.75564e-05     0.277114     0.231799      1.15196 -0.000101097   -0.0292631   -0.0477698   -0.0150027    -0.076874   -0.0735821   -0.0819146    -0.101717    -0.136996    -0.144406   -0.0986639    -0.122032    -0.150583    -0.174823    -0.183556    -0.202948   -0.0705956    0.0596741      0.89547     0.598889    -0.611527    -0.462168   -0.0896329   -0.0179112   -0.0366434     0.212162   -0.0803387
(NM) 360: f = 275470 at  2.75564e-05     0.277114     0.231799      1.15196 -0.000101097   -0.0292631   -0.0477698   -0.0150027    -0.076874   -0.0735821   -0.0819146    -0.101717    -0.136996    -0.144406   -0.0986639    -0.122032    -0.150583    -0.174823    -0.183556    -0.202948   -0.0705956    0.0596741      0.89547     0.598889    -0.611527    -0.462168   -0.0896329   -0.0179112   -0.0366434     0.212162   -0.0803387
(NM) 380: f = 275470 at 2.48203e-05    0.276915      0.2316     1.15298 -0.00026569   -0.028981  -0.0487899  -0.0148874  -0.0772601  -0.0734626  -0.0817063   -0.101829   -0.137374   -0.144306  -0.0986019    -0.12222   -0.150785   -0.174832   -0.183758   -0.203221  -0.0706379   0.0596228    0.895451    0.598848   -0.611704   -0.462324  -0.0896582  -0.0179642  -0.0376301    0.213127  -0.0799538
(NM) 400: f = 275470 at 2.48203e-05    0.276915      0.2316     1.15298 -0.00026569   -0.028981  -0.0487899  -0.0148874  -0.0772601  -0.0734626  -0.0817063   -0.101829   -0.137374   -0.144306  -0.0986019    -0.12222   -0.150785   -0.174832   -0.183758   -0.203221  -0.0706379   0.0596228    0.895451    0.598848   -0.611704   -0.462324  -0.0896582  -0.0179642  -0.0376301    0.213127  -0.0799538
(NM) 420: f = 275470 at  2.46022e-05     0.276971     0.231634      1.15283 -0.000143117   -0.0299122   -0.0480765   -0.0151143   -0.0773282   -0.0737122    -0.081621    -0.101866    -0.137231    -0.144417   -0.0987286    -0.122161    -0.150809     -0.17464    -0.183537    -0.203488   -0.0706013    0.0596708     0.895167      0.59902    -0.611985    -0.462207   -0.0895757   -0.0175666   -0.0380728     0.211612   -0.0787709
(NM) 440: f = 275470 at  2.60917e-05     0.276965     0.231644      1.15267 -0.000531131   -0.0291119   -0.0480304   -0.0148793    -0.076999   -0.0737245   -0.0817442    -0.101845     -0.13726    -0.143617   -0.0986734    -0.122085    -0.150729    -0.174721    -0.183676    -0.203458   -0.0706324    0.0596965     0.895451     0.598811    -0.611799    -0.462418   -0.0896891   -0.0176606   -0.0393445     0.212472   -0.0804352
(NM) 460: f = 275470 at   2.5549e-05     0.276972     0.231614      1.15241 -0.000578671   -0.0292167   -0.0480882   -0.0150747   -0.0769985   -0.0739033   -0.0818259    -0.101756    -0.137055    -0.143766   -0.0985309    -0.121858    -0.150854    -0.174808    -0.183896    -0.202806   -0.0705769    0.0597002     0.895574     0.599121    -0.611567    -0.462296   -0.0896856   -0.0175577    -0.041463     0.210195   -0.0821221
(NM) 480: f = 275470 at  2.52919e-05     0.276961      0.23165      1.15224 -0.000833088   -0.0292994   -0.0480346   -0.0148299   -0.0769683   -0.0741031   -0.0818656    -0.101218     -0.13713    -0.143513   -0.0983555    -0.121942     -0.15054    -0.174626    -0.183734    -0.203643   -0.0705909     0.059723     0.895969      0.59934    -0.611413    -0.462243     -0.08973   -0.0175351   -0.0426019     0.209912   -0.0836376
(NM) 500: f = 275470 at  2.60252e-05     0.276971     0.231606      1.15199 -0.000789569   -0.0296539    -0.047392   -0.0149362   -0.0765965   -0.0744139   -0.0818197    -0.101475    -0.136788    -0.143149   -0.0981425    -0.121659    -0.150566    -0.174599    -0.183696    -0.203841   -0.0705205    0.0597723     0.896074     0.599376    -0.611168    -0.462319    -0.089767   -0.0175272    -0.043553     0.208299   -0.0858392
(NM) 520: f = 275470 at  2.60252e-05     0.276971     0.231606      1.15199 -0.000789569   -0.0296539    -0.047392   -0.0149362   -0.0765965   -0.0744139   -0.0818197    -0.101475    -0.136788    -0.143149   -0.0981425    -0.121659    -0.150566    -0.174599    -0.183696    -0.203841   -0.0705205    0.0597723     0.896074     0.599376    -0.611168    -0.462319    -0.089767   -0.0175272    -0.043553     0.208299   -0.0858392
(NM) 540: f = 275470 at  2.55034e-05     0.276891      0.23157      1.15248 -0.000803619   -0.0298013   -0.0479092   -0.0148892    -0.076442   -0.0743878   -0.0819889    -0.101293    -0.136758    -0.142831   -0.0979886    -0.121678    -0.150522    -0.174653    -0.183655    -0.203456   -0.0704818    0.0597674     0.896717     0.599327    -0.611692    -0.462612   -0.0897842   -0.0183335   -0.0443547     0.207776   -0.0865296
(NM) 560: f = 275470 at  2.55034e-05     0.276891      0.23157      1.15248 -0.000803619   -0.0298013   -0.0479092   -0.0148892    -0.076442   -0.0743878   -0.0819889    -0.101293    -0.136758    -0.142831   -0.0979886    -0.121678    -0.150522    -0.174653    -0.183655    -0.203456   -0.0704818    0.0597674     0.896717     0.599327    -0.611692    -0.462612   -0.0897842   -0.0183335   -0.0443547     0.207776   -0.0865296
(NM) 580: f = 275470 at  2.58326e-05     0.276927     0.231615      1.15223 -0.000602472   -0.0297948   -0.0477344   -0.0149505   -0.0765664    -0.074323   -0.0820037    -0.101241    -0.136847    -0.143187   -0.0980906    -0.121805    -0.150591     -0.17477    -0.183868    -0.203617   -0.0704876    0.0597759     0.896398     0.599261    -0.611288    -0.462402   -0.0897159   -0.0182864   -0.0446704     0.207408   -0.0845759
(NM) 600: f = 275470 at  2.60479e-05     0.277001     0.231668      1.15219 -0.000432781   -0.0297737   -0.0477383   -0.0149913   -0.0766729    -0.074156   -0.0820492     -0.10128    -0.136777    -0.143392   -0.0981334    -0.121625    -0.150644    -0.174867    -0.183859    -0.203471   -0.0705252    0.0597597      0.89609     0.599257    -0.611623    -0.462371   -0.0896737   -0.0183167   -0.0425044      0.20737    -0.086852
(NM) 620: f = 275470 at  2.60479e-05     0.277001     0.231668      1.15219 -0.000432781   -0.0297737   -0.0477383   -0.0149913   -0.0766729    -0.074156   -0.0820492     -0.10128    -0.136777    -0.143392   -0.0981334    -0.121625    -0.150644    -0.174867    -0.183859    -0.203471   -0.0705252    0.0597597      0.89609     0.599257    -0.611623    -0.462371   -0.0896737   -0.0183167   -0.0425044      0.20737    -0.086852
(NM) 640: f = 275470 at  2.58277e-05     0.277026     0.231666      1.15245 -0.000261202    -0.029877   -0.0475208   -0.0153258   -0.0766781   -0.0742577   -0.0821069    -0.101187    -0.136599    -0.143576    -0.098106    -0.121585    -0.150609    -0.175068     -0.18394    -0.203101    -0.070471     0.059845     0.896028     0.599209    -0.612069     -0.46246   -0.0897963   -0.0187265   -0.0432006     0.208065   -0.0827529
(NM) 660: f = 275470 at  2.58277e-05     0.277026     0.231666      1.15245 -0.000261202    -0.029877   -0.0475208   -0.0153258   -0.0766781   -0.0742577   -0.0821069    -0.101187    -0.136599    -0.143576    -0.098106    -0.121585    -0.150609    -0.175068     -0.18394    -0.203101    -0.070471     0.059845     0.896028     0.599209    -0.612069     -0.46246   -0.0897963   -0.0187265   -0.0432006     0.208065   -0.0827529
(NM) 680: f = 275470 at  2.61444e-05     0.277029     0.231724      1.15225 -0.000325329   -0.0299878   -0.0475929   -0.0152006    -0.076573    -0.074416   -0.0820056    -0.101348    -0.136575    -0.143444   -0.0980723    -0.121488    -0.150614    -0.175191    -0.183853    -0.202929   -0.0704114    0.0598524     0.896104     0.599345    -0.612166    -0.462502   -0.0896611    -0.019279   -0.0426027     0.205987   -0.0859572
(NM) 700: f = 275470 at  2.63586e-05     0.276985      0.23166      1.15243 -0.000354575   -0.0300599   -0.0474729   -0.0151323   -0.0763574   -0.0745791   -0.0820951    -0.101198    -0.136532    -0.143231   -0.0979588    -0.121532    -0.150612    -0.175098    -0.183828    -0.203082   -0.0703985     0.059832     0.896373     0.599166     -0.61187    -0.462629   -0.0897402    -0.018954   -0.0439689     0.205726   -0.0883761
(NM) 720: f = 275470 at  2.63586e-05     0.276985      0.23166      1.15243 -0.000354575   -0.0300599   -0.0474729   -0.0151323   -0.0763574   -0.0745791   -0.0820951    -0.101198    -0.136532    -0.143231   -0.0979588    -0.121532    -0.150612    -0.175098    -0.183828    -0.203082   -0.0703985     0.059832     0.896373     0.599166     -0.61187    -0.462629   -0.0897402    -0.018954   -0.0439689     0.205726   -0.0883761
(NM) 740: f = 275470 at  2.65661e-05     0.276999     0.231681      1.15227 -0.000288824   -0.0298925   -0.0473494   -0.0151287   -0.0765113    -0.074385   -0.0822522    -0.101196     -0.13662    -0.143412   -0.0979626    -0.121371    -0.150612    -0.175039    -0.183955    -0.202878   -0.0704275    0.0598419      0.89613     0.599243    -0.612021     -0.46263   -0.0897775    -0.018888   -0.0434382     0.206135   -0.0865621
(NM) 760: f = 275470 at  2.65661e-05     0.276999     0.231681      1.15227 -0.000288824   -0.0298925   -0.0473494   -0.0151287   -0.0765113    -0.074385   -0.0822522    -0.101196     -0.13662    -0.143412   -0.0979626    -0.121371    -0.150612    -0.175039    -0.183955    -0.202878   -0.0704275    0.0598419      0.89613     0.599243    -0.612021     -0.46263   -0.0897775    -0.018888   -0.0434382     0.206135   -0.0865621
(NM) 780: f = 275470 at   2.5877e-05     0.276972     0.231689      1.15236 -0.000374043   -0.0298969   -0.0473898   -0.0151535   -0.0764894   -0.0743816   -0.0821921    -0.101223    -0.136569    -0.143455   -0.0979939    -0.121541    -0.150643    -0.175107    -0.183957    -0.202732   -0.0704255    0.0598554     0.896044     0.599274    -0.612224    -0.462482   -0.0897672   -0.0190095   -0.0429862     0.206254   -0.0862338
(NM) 800: f = 275470 at  2.61588e-05     0.276999     0.231658      1.15223 -0.000332203   -0.0299026   -0.0473537   -0.0151943   -0.0763969   -0.0745328   -0.0822477    -0.101034    -0.136458    -0.143245    -0.098003    -0.121445    -0.150656    -0.175151    -0.184022    -0.202711   -0.0703837    0.0598794     0.896286      0.59936    -0.612074    -0.462554   -0.0897989   -0.0193507   -0.0439863     0.205469   -0.0873713
(NM) 820: f = 275470 at  2.59871e-05     0.276984     0.231637      1.15238 -0.000468241   -0.0297397   -0.0474279   -0.0151236   -0.0765115   -0.0744495   -0.0821311    -0.101235    -0.136636    -0.143419   -0.0979743    -0.121595    -0.150696    -0.175022    -0.183959    -0.202932   -0.0704237    0.0598516     0.896159     0.599265    -0.612012    -0.462556   -0.0897885   -0.0188423   -0.0430491     0.206688   -0.0864614
(NM) 840: f = 275470 at  2.59119e-05     0.276964     0.231645       1.1524 -0.000482634   -0.0297548    -0.047385   -0.0151164   -0.0764122   -0.0745371    -0.082231    -0.101186    -0.136567    -0.143368   -0.0979462    -0.121498    -0.150606     -0.17507    -0.183919    -0.202861   -0.0704233    0.0598665     0.896206     0.599277    -0.612007    -0.462565   -0.0898182   -0.0190011   -0.0433999     0.206398   -0.0868687
(NM) 860: f = 275470 at  2.62462e-05     0.276991     0.231675      1.15232 -0.000318264   -0.0298203   -0.0471994   -0.0152187   -0.0763813   -0.0745834   -0.0823086    -0.101121    -0.136474    -0.143462   -0.0978659    -0.121396    -0.150697     -0.17519    -0.184012    -0.202711   -0.0703843    0.0598861      0.89612     0.599275    -0.612156    -0.462588   -0.0898089   -0.0192632   -0.0432418     0.205354   -0.0874312
(NM) 880: f = 275470 at  2.63242e-05     0.276988     0.231661      1.15222 -0.000416553    -0.029794   -0.0472624   -0.0151325   -0.0764044   -0.0745422   -0.0823134    -0.101139    -0.136425    -0.143362   -0.0978945    -0.121461    -0.150618    -0.175066    -0.183933    -0.202818   -0.0704019    0.0598709     0.896238     0.599358    -0.612035    -0.462614    -0.089819   -0.0191789   -0.0435219     0.205746   -0.0876063
(NM) 900: f = 275470 at  2.63065e-05     0.276987      0.23166      1.15222 -0.000417882   -0.0297793   -0.0472562   -0.0151327   -0.0764045   -0.0745479   -0.0823248    -0.101137    -0.136425    -0.143369    -0.097884    -0.121459    -0.150618    -0.175059    -0.183932     -0.20282   -0.0704022    0.0598716     0.896236     0.599363    -0.612032    -0.462618    -0.089824    -0.019183   -0.0434932     0.205752    -0.087642
(NM) 920: f = 275470 at  2.60939e-05     0.276983     0.231645      1.15235 -0.000343337   -0.0298404   -0.0472891    -0.015147   -0.0764124    -0.074535   -0.0822992    -0.101126    -0.136519    -0.143481   -0.0979072    -0.121456    -0.150602    -0.175048    -0.183925    -0.202793   -0.0703969    0.0598745     0.896145     0.599314    -0.612169    -0.462613   -0.0898339   -0.0191263   -0.0430703     0.205859   -0.0874429
(NM) 940: f = 275470 at  2.60945e-05     0.276985     0.231645      1.15234 -0.000341208   -0.0298357   -0.0472815   -0.0151477   -0.0764128   -0.0745349   -0.0823066    -0.101119    -0.136513    -0.143485   -0.0979044     -0.12145    -0.150607    -0.175048    -0.183921    -0.202792   -0.0703957    0.0598758     0.896148     0.599321    -0.612174    -0.462614   -0.0898364   -0.0191388   -0.0430753     0.205836   -0.0875192
(NM) 960: f = 275470 at 2.61289e-05    0.276987    0.231655      1.1523 -0.00037903  -0.0296233  -0.0473448  -0.0151233   -0.076449  -0.0745359  -0.0822324   -0.101181   -0.136555   -0.143464  -0.0979386   -0.121487   -0.150619   -0.175002   -0.183898   -0.202878  -0.0704073   0.0598632    0.896144    0.599351   -0.612017   -0.462605  -0.0898313   -0.019061  -0.0429762    0.205819  -0.0874304
(NM) 980: f = 275470 at  2.61428e-05     0.276992     0.231661      1.15231 -0.000342887   -0.0297721    -0.047325   -0.0151284   -0.0764056   -0.0745611    -0.082317    -0.101157    -0.136516    -0.143406   -0.0979117    -0.121468    -0.150624    -0.175015    -0.183865    -0.202901   -0.0703899    0.0598685     0.896241      0.59935    -0.612035    -0.462618   -0.0898112    -0.019155   -0.0434885     0.205568   -0.0881693
(NM) 1000: f = 275470 at  2.61598e-05     0.276997     0.231656      1.15223 -0.000350787    -0.029658   -0.0472471   -0.0151127   -0.0764156   -0.0745595   -0.0823836    -0.101152    -0.136518    -0.143486   -0.0979356    -0.121462    -0.150639    -0.174951    -0.183839    -0.202848   -0.0703742     0.059887     0.896164     0.599427    -0.612068    -0.462626   -0.0898431   -0.0191129    -0.043396     0.205454   -0.0884495
(NM) 1020: f = 275470 at  2.61598e-05     0.276997     0.231656      1.15223 -0.000350787    -0.029658   -0.0472471   -0.0151127   -0.0764156   -0.0745595   -0.0823836    -0.101152    -0.136518    -0.143486   -0.0979356    -0.121462    -0.150639    -0.174951    -0.183839    -0.202848   -0.0703742     0.059887     0.896164     0.599427    -0.612068    -0.462626   -0.0898431   -0.0191129    -0.043396     0.205454   -0.0884495
(NM) 1040: f = 275470 at  2.62702e-05      0.27699     0.231663      1.15228 -0.000330233   -0.0296161   -0.0473007   -0.0150421   -0.0764124   -0.0745541   -0.0824125    -0.101184    -0.136536    -0.143494   -0.0980035    -0.121487    -0.150634    -0.174955    -0.183824    -0.202846   -0.0703781    0.0598867     0.896182     0.599399    -0.612021    -0.462689   -0.0898298   -0.0192539   -0.0430272     0.205301    -0.088629
(NM) 1060: f = 275470 at  2.62702e-05      0.27699     0.231663      1.15228 -0.000330233   -0.0296161   -0.0473007   -0.0150421   -0.0764124   -0.0745541   -0.0824125    -0.101184    -0.136536    -0.143494   -0.0980035    -0.121487    -0.150634    -0.174955    -0.183824    -0.202846   -0.0703781    0.0598867     0.896182     0.599399    -0.612021    -0.462689   -0.0898298   -0.0192539   -0.0430272     0.205301    -0.088629
(NM) 1080: f = 275470 at  2.63031e-05     0.276996      0.23167      1.15225 -0.000276755   -0.0296755   -0.0473469   -0.0150344   -0.0764477   -0.0745349   -0.0823927    -0.101214    -0.136533    -0.143597   -0.0980203    -0.121476    -0.150643    -0.174919    -0.183791    -0.202871   -0.0703595    0.0598901     0.896171     0.599436    -0.611971    -0.462703   -0.0898109   -0.0191855   -0.0431206     0.204992    -0.089214
(NM) 1100: f = 275470 at  2.62082e-05     0.276998     0.231662      1.15224 -0.000266498   -0.0297283    -0.047327   -0.0150797   -0.0763995   -0.0745649   -0.0823902     -0.10114    -0.136495    -0.143485   -0.0980335    -0.121477    -0.150647    -0.174961    -0.183822    -0.202832   -0.0703538    0.0599068     0.896246      0.59945    -0.612019    -0.462676   -0.0898171   -0.0193744   -0.0435405     0.204954   -0.0893594
(NM) 1120: f = 275470 at 2.62571e-05    0.276993    0.231664     1.15224 -0.00029356  -0.0296307  -0.0473493  -0.0149968  -0.0764591  -0.0745055  -0.0823976    -0.10124   -0.136539   -0.143657  -0.0980689   -0.121526   -0.150654    -0.17489   -0.183768   -0.202865  -0.0703537   0.0599041    0.896132    0.599453   -0.611989   -0.462695  -0.0898175  -0.0192964  -0.0428316    0.205094  -0.0891214
(NM) 1140: f = 275470 at   2.6379e-05     0.277003     0.231668       1.1523 -0.000249154   -0.0297577   -0.0473662   -0.0150327   -0.0764526   -0.0745074   -0.0823923    -0.101248    -0.136545    -0.143592   -0.0980594    -0.121531    -0.150607    -0.174924    -0.183812     -0.20287   -0.0703554    0.0598998     0.896173     0.599369     -0.61205    -0.462708   -0.0898045   -0.0192081   -0.0429754     0.205096   -0.0887814
(NM) 1160: f = 275470 at  2.63345e-05     0.276996     0.231664      1.15229 -0.000224927   -0.0297524   -0.0472884   -0.0150203   -0.0764411   -0.0745308   -0.0824101    -0.101219    -0.136516    -0.143666   -0.0980674    -0.121517    -0.150637    -0.174895     -0.18372    -0.202837   -0.0703577    0.0599051     0.896181     0.599419    -0.612045    -0.462734   -0.0898217   -0.0193516    -0.042866     0.205036   -0.0895399
(NM) 1180: f = 275470 at  2.62697e-05        0.277     0.231665      1.15227 -0.000272133    -0.029786   -0.0473812   -0.0150315    -0.076468   -0.0745001   -0.0823355    -0.101243    -0.136536    -0.143671   -0.0980653     -0.12153    -0.150645      -0.1749    -0.183744    -0.202885   -0.0703505    0.0599071      0.89617     0.599419    -0.612004    -0.462691   -0.0897957   -0.0192264    -0.043074      0.20503   -0.0895219
(NM) 1200: f = 275470 at  2.62334e-05     0.276993     0.231657      1.15231 -0.000317721   -0.0297397   -0.0473501    -0.015025   -0.0764381    -0.074519   -0.0823526    -0.101227    -0.136544    -0.143599   -0.0980661    -0.121556    -0.150642    -0.174917    -0.183757    -0.202872   -0.0703623    0.0599088     0.896177     0.599389    -0.612037    -0.462689   -0.0898092   -0.0192961   -0.0429597      0.20525   -0.0891884
(NM) 1220: f = 275470 at  2.62334e-05     0.276993     0.231657      1.15231 -0.000317721   -0.0297397   -0.0473501    -0.015025   -0.0764381    -0.074519   -0.0823526    -0.101227    -0.136544    -0.143599   -0.0980661    -0.121556    -0.150642    -0.174917    -0.183757    -0.202872   -0.0703623    0.0599088     0.896177     0.599389    -0.612037    -0.462689   -0.0898092   -0.0192961   -0.0429597      0.20525   -0.0891884
(NM) 1240: f = 275470 at  2.63179e-05     0.276993     0.231649      1.15231 -0.000291594   -0.0298365   -0.0473325   -0.0150404   -0.0764509   -0.0744985   -0.0823523    -0.101244    -0.136553    -0.143633   -0.0980816    -0.121559    -0.150628    -0.174905    -0.183761    -0.202827   -0.0703554    0.0599234     0.896172     0.599363    -0.612017    -0.462698   -0.0898033     -0.01924   -0.0432112     0.205068   -0.0894197
(NM) 1260: f = 275470 at  2.63011e-05     0.276997     0.231657      1.15225 -0.000327134   -0.0298319   -0.0473764   -0.0150312   -0.0764605   -0.0744907   -0.0823349    -0.101217    -0.136543    -0.143614   -0.0980904    -0.121555    -0.150594     -0.17491    -0.183747    -0.202854   -0.0703564    0.0599116     0.896226     0.599403    -0.612015    -0.462675   -0.0897946   -0.0192552    -0.043316     0.205059   -0.0893387
(NM) 1280: f = 275470 at   2.6252e-05     0.276989     0.231654      1.15229 -0.000320068   -0.0298528   -0.0473418   -0.0150462   -0.0764455   -0.0744997   -0.0823361    -0.101237    -0.136531     -0.14363    -0.098086     -0.12156    -0.150616    -0.174899    -0.183767     -0.20278   -0.0703528    0.0599296     0.896192      0.59939    -0.612081    -0.462682    -0.089799   -0.0192849    -0.043387      0.20499   -0.0893553
(NM) 1300: f = 275470 at  2.62624e-05     0.276999     0.231651      1.15227 -0.000335155   -0.0298667    -0.047372   -0.0150218   -0.0764881   -0.0744809   -0.0823221    -0.101267    -0.136553    -0.143699   -0.0981324    -0.121599    -0.150635     -0.17486    -0.183701    -0.202803   -0.0703487    0.0599364     0.896191     0.599405    -0.611973    -0.462677   -0.0898028   -0.0191236   -0.0433685     0.204869   -0.0896893
(NM) 1320: f = 275470 at 2.62516e-05    0.276999    0.231649     1.15227 -0.00034298  -0.0298728  -0.0473724  -0.0150236  -0.0764883  -0.0744779  -0.0823193   -0.101266   -0.136553   -0.143697  -0.0981289   -0.121603   -0.150632   -0.174857   -0.183703   -0.202797  -0.0703483   0.0599369    0.896196    0.599405   -0.611974   -0.462672  -0.0898033  -0.0191126  -0.0434203    0.204864  -0.0896961
(NM) 1340: f = 275470 at   2.6305e-05     0.276997     0.231644      1.15228 -0.000358199   -0.0298914   -0.0473121   -0.0150675   -0.0764636   -0.0744744   -0.0823139    -0.101241    -0.136525    -0.143698   -0.0980996     -0.12158    -0.150641    -0.174895    -0.183753    -0.202734   -0.0703387    0.0599446     0.896164     0.599369    -0.612074    -0.462668   -0.0898077   -0.0192012   -0.0435874     0.205002    -0.089547
(NM) 1360: f = 275470 at  2.63794e-05     0.276998     0.231656      1.15224 -0.000326177   -0.0298579    -0.047334   -0.0150253    -0.076439   -0.0744746   -0.0823591     -0.10124    -0.136529     -0.14365   -0.0980942    -0.121556    -0.150573     -0.17489    -0.183725    -0.202781   -0.0703399    0.0599388      0.89619     0.599396    -0.612036    -0.462678   -0.0898051   -0.0192595   -0.0436435     0.204751   -0.0897729
(NM) 1380: f = 275470 at  2.63637e-05     0.276998     0.231655      1.15224 -0.000331342   -0.0298586   -0.0473336   -0.0150255   -0.0764405    -0.074472   -0.0823588    -0.101241    -0.136529    -0.143654   -0.0980954     -0.12156    -0.150572    -0.174887    -0.183725    -0.202774   -0.0703398    0.0599397      0.89619     0.599398    -0.612036    -0.462673   -0.0898065   -0.0192509   -0.0436637     0.204757   -0.0897715
(NM) 1400: f = 275470 at  2.62939e-05     0.276994     0.231651      1.15226 -0.000359226   -0.0298462    -0.047385   -0.0150115     -0.07649     -0.07447   -0.0822945    -0.101268    -0.136556    -0.143697   -0.0981479    -0.121623    -0.150609    -0.174849     -0.18371    -0.202817   -0.0703425    0.0599416      0.89618     0.599403    -0.612002    -0.462674   -0.0898008   -0.0191307   -0.0435841     0.204944   -0.0893446
(NM) 1420: f = 275470 at  2.63395e-05     0.276994     0.231648      1.15226 -0.000338895   -0.0298476   -0.0473452   -0.0150264   -0.0764592   -0.0744642    -0.082332    -0.101252    -0.136531    -0.143687   -0.0981163    -0.121589    -0.150595    -0.174881    -0.183735     -0.20276   -0.0703331    0.0599418     0.896188     0.599389    -0.612095    -0.462684    -0.089806   -0.0192567   -0.0436259     0.204964   -0.0895434
(NM) 1440: f = 275470 at  2.63455e-05     0.276997     0.231651      1.15226 -0.000366533   -0.0298708   -0.0473823   -0.0150252   -0.0764783   -0.0744379   -0.0823219     -0.10127    -0.136544    -0.143715   -0.0981542    -0.121619    -0.150595    -0.174886    -0.183764    -0.202741   -0.0703272    0.0599565     0.896157     0.599364    -0.612066    -0.462659   -0.0898031   -0.0191454   -0.0436413     0.204831   -0.0893725
(NM) 1460: f = 275470 at  2.63801e-05     0.276998     0.231659      1.15223 -0.000348118   -0.0298328    -0.047325   -0.0150257   -0.0764551   -0.0744348   -0.0823586    -0.101249     -0.13653    -0.143704   -0.0981372    -0.121602    -0.150589    -0.174871    -0.183756    -0.202738    -0.070321    0.0599483     0.896167     0.599387    -0.612075    -0.462655   -0.0898176   -0.0191662   -0.0437918     0.204744   -0.0895099
(NM) 1480: f = 275470 at  2.63823e-05     0.276996     0.231657      1.15225 -0.000339068   -0.0298723   -0.0473628   -0.0150224   -0.0764787   -0.0744076   -0.0823237    -0.101278    -0.136546    -0.143785   -0.0981814    -0.121649     -0.15056    -0.174849    -0.183743    -0.202731   -0.0703108    0.0599577      0.89614     0.599359    -0.612091    -0.462647   -0.0898123   -0.0191369    -0.043736     0.204641    -0.089382
(NM) 1500: f = 275470 at  2.63504e-05     0.276989     0.231655      1.15224 -0.000404748   -0.0298828   -0.0473651   -0.0149886   -0.0764466   -0.0743991     -0.08232    -0.101274    -0.136553    -0.143723   -0.0981831    -0.121693    -0.150547    -0.174857    -0.183776    -0.202765   -0.0703072     0.059961     0.896172     0.599348    -0.612085    -0.462621   -0.0898071   -0.0191235   -0.0439775     0.204648   -0.0892044
(NM) 1520: f = 275470 at  2.63504e-05     0.276989     0.231655      1.15224 -0.000404748   -0.0298828   -0.0473651   -0.0149886   -0.0764466   -0.0743991     -0.08232    -0.101274    -0.136553    -0.143723   -0.0981831    -0.121693    -0.150547    -0.174857    -0.183776    -0.202765   -0.0703072     0.059961     0.896172     0.599348    -0.612085    -0.462621   -0.0898071   -0.0191235   -0.0439775     0.204648   -0.0892044
(NM) 1540: f = 275470 at  2.63779e-05     0.276993     0.231656      1.15226 -0.000343142   -0.0298448   -0.0473721   -0.0149845   -0.0764685   -0.0744225   -0.0823223    -0.101291    -0.136549    -0.143752   -0.0981908    -0.121656    -0.150565    -0.174856    -0.183739    -0.202798   -0.0703152    0.0599509     0.896148      0.59936    -0.612048    -0.462658   -0.0898093   -0.0191661   -0.0435779     0.204741   -0.0892659
(NM) 1560: f = 275470 at  2.63784e-05     0.276986     0.231657      1.15229 -0.000394105   -0.0298938   -0.0473399   -0.0150078    -0.076445   -0.0743983   -0.0823012    -0.101287    -0.136559    -0.143733   -0.0981862    -0.121684    -0.150555     -0.17487    -0.183785    -0.202792    -0.070308    0.0599591      0.89612     0.599296    -0.612068    -0.462624   -0.0898068   -0.0191242   -0.0438772     0.204718   -0.0888989
(NM) 1580: f = 275470 at  2.64285e-05     0.276988     0.231668      1.15225 -0.000374235   -0.0298154    -0.047346   -0.0149585    -0.076426   -0.0744246   -0.0823521    -0.101297     -0.13656    -0.143727   -0.0981957    -0.121698    -0.150527    -0.174844    -0.183768    -0.202844   -0.0702996    0.0599594      0.89615     0.599336    -0.612042    -0.462644   -0.0898128   -0.0191216   -0.0438528     0.204441   -0.0891238
(NM) 1600: f = 275470 at  2.64285e-05     0.276988     0.231668      1.15225 -0.000374235   -0.0298154    -0.047346   -0.0149585    -0.076426   -0.0744246   -0.0823521    -0.101297     -0.13656    -0.143727   -0.0981957    -0.121698    -0.150527    -0.174844    -0.183768    -0.202844   -0.0702996    0.0599594      0.89615     0.599336    -0.612042    -0.462644   -0.0898128   -0.0191216   -0.0438528     0.204441   -0.0891238
(NM) 1620: f = 275470 at  2.63089e-05     0.276978     0.231653      1.15226 -0.000403082   -0.0298297   -0.0473518   -0.0149576   -0.0764255   -0.0744154    -0.082304    -0.101303    -0.136564    -0.143718   -0.0981955    -0.121718    -0.150542    -0.174826     -0.18376    -0.202879   -0.0703018    0.0599604     0.896156     0.599329    -0.612022    -0.462613   -0.0898084   -0.0191777   -0.0438199     0.204572   -0.0892992
(NM) 1640: f = 275470 at  2.63827e-05     0.276983     0.231661      1.15225 -0.000396499   -0.0298164   -0.0473307   -0.0149652   -0.0764198   -0.0744207    -0.082336    -0.101276    -0.136548    -0.143735   -0.0981986    -0.121718    -0.150532    -0.174842    -0.183749    -0.202846   -0.0702994    0.0599598     0.896159     0.599331    -0.612047    -0.462624   -0.0898217   -0.0191829    -0.043807     0.204583   -0.0892693
(NM) 1660: f = 275470 at  2.64042e-05     0.276983     0.231666      1.15227 -0.000363011   -0.0298026   -0.0473112   -0.0149692   -0.0764162   -0.0744392   -0.0823397    -0.101297    -0.136543     -0.14374      -0.0982    -0.121696    -0.150541    -0.174849    -0.183744    -0.202858   -0.0702973    0.0599615     0.896123     0.599315    -0.612029    -0.462632   -0.0898242   -0.0191989   -0.0436725     0.204467   -0.0892708
(NM) 1680: f = 275470 at   2.6394e-05     0.276982     0.231662      1.15225 -0.000412973   -0.0298152   -0.0473215   -0.0149629    -0.076406   -0.0744134   -0.0823209    -0.101299    -0.136559    -0.143728   -0.0982026    -0.121741    -0.150534    -0.174851    -0.183781    -0.202859   -0.0702918    0.0599667     0.896123       0.5993    -0.612036    -0.462591    -0.089818   -0.0191395   -0.0439297     0.204459   -0.0890161
(NM) 1700: f = 275470 at  2.63857e-05      0.27699     0.231661      1.15224 -0.000350168   -0.0298387   -0.0473366   -0.0149883   -0.0764347   -0.0744024   -0.0823083    -0.101304    -0.136548    -0.143766   -0.0982101    -0.121755     -0.15055    -0.174854    -0.183747    -0.202877   -0.0702927    0.0599658     0.896153       0.5993    -0.612024    -0.462579   -0.0898121   -0.0192583   -0.0436651     0.204403   -0.0893192
(NM) 1720: f = 275470 at  2.63914e-05     0.276984     0.231657      1.15223 -0.000389264   -0.0298085   -0.0472863   -0.0149819   -0.0763978    -0.074431    -0.082324    -0.101273    -0.136528    -0.143779   -0.0982077    -0.121742    -0.150547    -0.174862    -0.183748    -0.202869   -0.0702854    0.0599811     0.896136     0.599306    -0.612016    -0.462576   -0.0898264    -0.019296   -0.0437487     0.204267   -0.0897761
(NM) 1740: f = 275470 at  2.64048e-05     0.276981     0.231661      1.15223 -0.000395378   -0.0298314   -0.0473075     -0.01498   -0.0763919   -0.0744105    -0.082304     -0.10129    -0.136529     -0.14375    -0.098214    -0.121761    -0.150536    -0.174871     -0.18379    -0.202888   -0.0702841    0.0599793     0.896136     0.599278    -0.612045    -0.462561   -0.0898197   -0.0192788   -0.0437729     0.204357   -0.0893055
(NM) 1760: f = 275470 at  2.63973e-05     0.276986     0.231659      1.15222 -0.000370353   -0.0298071   -0.0472947   -0.0149997   -0.0764141   -0.0744211   -0.0823121    -0.101286    -0.136529     -0.14378   -0.0982063    -0.121752    -0.150582    -0.174879    -0.183762    -0.202878   -0.0702897    0.0599762      0.89612     0.599286    -0.612012    -0.462551   -0.0898244   -0.0193032   -0.0435519     0.204418   -0.0894547
(NM) 1780: f = 275470 at 2.63395e-05    0.276985    0.231655     1.15223 -0.00040144  -0.0298113  -0.0472904  -0.0150112  -0.0763998  -0.0744261  -0.0822777   -0.101297   -0.136534    -0.14375   -0.098203   -0.121786   -0.150604   -0.174902   -0.183776   -0.202922  -0.0702919   0.0599794     0.89612     0.59926   -0.611986   -0.462514  -0.0898166  -0.0193153  -0.0435354    0.204429  -0.0893734
(NM) 1800: f = 275470 at 2.63395e-05    0.276985    0.231655     1.15223 -0.00040144  -0.0298113  -0.0472904  -0.0150112  -0.0763998  -0.0744261  -0.0822777   -0.101297   -0.136534    -0.14375   -0.098203   -0.121786   -0.150604   -0.174902   -0.183776   -0.202922  -0.0702919   0.0599794     0.89612     0.59926   -0.611986   -0.462514  -0.0898166  -0.0193153  -0.0435354    0.204429  -0.0893734
(NM) 1820: f = 275470 at  2.62827e-05     0.276985     0.231653      1.15223 -0.000386348    -0.029792   -0.0473044   -0.0150341   -0.0764127   -0.0744248   -0.0822617    -0.101306    -0.136556    -0.143765   -0.0981989    -0.121786    -0.150626    -0.174907    -0.183779     -0.20293   -0.0702978    0.0599716     0.896096     0.599251    -0.611946    -0.462483   -0.0898171   -0.0192592    -0.043446     0.204446   -0.0890996
(NM) 1840: f = 275470 at  2.63997e-05     0.276991     0.231657      1.15225 -0.000374328   -0.0298431   -0.0472975   -0.0150226    -0.076417   -0.0744173   -0.0822687    -0.101311     -0.13655    -0.143788   -0.0982255    -0.121789    -0.150601    -0.174908    -0.183764    -0.202891   -0.0702929    0.0599783     0.896087     0.599235    -0.611976     -0.46253   -0.0898181   -0.0192268   -0.0435134     0.204417   -0.0891296
(NM) 1860: f = 275470 at  2.63997e-05     0.276991     0.231657      1.15225 -0.000374328   -0.0298431   -0.0472975   -0.0150226    -0.076417   -0.0744173   -0.0822687    -0.101311     -0.13655    -0.143788   -0.0982255    -0.121789    -0.150601    -0.174908    -0.183764    -0.202891   -0.0702929    0.0599783     0.896087     0.599235    -0.611976     -0.46253   -0.0898181   -0.0192268   -0.0435134     0.204417   -0.0891296
(NM) 1880: f = 275470 at  2.63815e-05     0.276982     0.231656      1.15225 -0.000410484   -0.0297883   -0.0472789    -0.015006    -0.076391   -0.0744129   -0.0822529    -0.101322    -0.136565    -0.143776   -0.0982272    -0.121841    -0.150622    -0.174912     -0.18378    -0.202962   -0.0702852    0.0599826     0.896063     0.599198    -0.611937    -0.462479   -0.0898243   -0.0192338   -0.0435042     0.204388   -0.0889106
(NM) 1900: f = 275470 at   2.6389e-05      0.27699     0.231655      1.15224 -0.000373354   -0.0298105   -0.0472907   -0.0150354   -0.0764097   -0.0744146    -0.082249    -0.101325    -0.136551    -0.143795   -0.0982285    -0.121808    -0.150639    -0.174928    -0.183762    -0.202952   -0.0702909    0.0599818     0.896073     0.599213    -0.611933    -0.462492   -0.0898152   -0.0192902   -0.0433052     0.204383   -0.0892525
(NM) 1920: f = 275470 at  2.63601e-05     0.276986     0.231659      1.15225 -0.000398603   -0.0297627   -0.0472835    -0.015018   -0.0763966   -0.0744298    -0.082275    -0.101317    -0.136559    -0.143772   -0.0982174    -0.121807    -0.150636    -0.174921    -0.183771    -0.202952   -0.0702906    0.0599764     0.896064     0.599222    -0.611925    -0.462497   -0.0898231   -0.0192358   -0.0434022     0.204408    -0.089065
(NM) 1940: f = 275470 at  2.63664e-05     0.276985     0.231652      1.15225 -0.000403636   -0.0298103   -0.0472839   -0.0150214   -0.0764032   -0.0744188     -0.08227    -0.101315    -0.136557    -0.143784    -0.098222    -0.121816    -0.150623    -0.174911    -0.183788    -0.202912   -0.0702889    0.0599835     0.896074     0.599214    -0.611942    -0.462495   -0.0898225   -0.0192113   -0.0435759     0.204391   -0.0890529
(NM) 1960: f = 275470 at  2.63927e-05     0.276989     0.231659      1.15225 -0.000389656   -0.0297616   -0.0472676   -0.0150333   -0.0763963   -0.0744352    -0.082268    -0.101324    -0.136557    -0.143786   -0.0982159    -0.121806    -0.150647    -0.174937     -0.18377    -0.202944   -0.0702907    0.0599782     0.896039     0.599198    -0.611909    -0.462486   -0.0898259   -0.0192386   -0.0433748     0.204366   -0.0889446
(NM) 1980: f = 275470 at  2.64153e-05     0.276991     0.231657      1.15224 -0.000398346    -0.029791   -0.0472891   -0.0150491    -0.076413   -0.0744117   -0.0822444    -0.101327    -0.136565    -0.143812   -0.0982408    -0.121825    -0.150662    -0.174952    -0.183787    -0.202928   -0.0702844    0.0599874      0.89602     0.599179    -0.611911    -0.462464   -0.0898212   -0.0191887   -0.0434194     0.204343   -0.0888344
(NM) 2000: f = 275470 at  2.64039e-05     0.276987     0.231658      1.15225 -0.000419711   -0.0297781   -0.0472855   -0.0150331   -0.0764005   -0.0744089   -0.0822678    -0.101315    -0.136559    -0.143789   -0.0982302    -0.121812    -0.150626    -0.174931    -0.183798    -0.202915    -0.070285    0.0599842     0.896043     0.599196    -0.611925    -0.462485   -0.0898271   -0.0191755   -0.0436062     0.204372   -0.0888201
(NM) 2020: f = 275470 at  2.64035e-05     0.276987     0.231657      1.15226 -0.000407134   -0.0297673   -0.0472554   -0.0150462   -0.0763862   -0.0744163   -0.0822585    -0.101324    -0.136558    -0.143814   -0.0982372     -0.12184    -0.150654    -0.174952    -0.183799    -0.202943   -0.0702781    0.0599904     0.896013     0.599158    -0.611898    -0.462453   -0.0898282   -0.0192381   -0.0434774     0.204279   -0.0888655
(NM) 2040: f = 275470 at  2.64015e-05      0.27699     0.231656      1.15224 -0.000407319   -0.0297644   -0.0472831   -0.0150471   -0.0763977    -0.074428   -0.0822481    -0.101319    -0.136553    -0.143812   -0.0982439    -0.121837    -0.150674    -0.174959    -0.183791    -0.202947   -0.0702789    0.0599926     0.896024     0.599178    -0.611883    -0.462459    -0.089825   -0.0192305   -0.0434306     0.204226   -0.0889639
(NM) 2060: f = 275470 at  2.64015e-05      0.27699     0.231656      1.15224 -0.000407319   -0.0297644   -0.0472831   -0.0150471   -0.0763977    -0.074428   -0.0822481    -0.101319    -0.136553    -0.143812   -0.0982439    -0.121837    -0.150674    -0.174959    -0.183791    -0.202947   -0.0702789    0.0599926     0.896024     0.599178    -0.611883    -0.462459    -0.089825   -0.0192305   -0.0434306     0.204226   -0.0889639
(NM) 2080: f = 275470 at  2.64039e-05     0.276988     0.231657      1.15226 -0.000420951   -0.0297796   -0.0472788   -0.0150482    -0.076398   -0.0744256   -0.0822512    -0.101325    -0.136558     -0.14381   -0.0982417    -0.121832    -0.150657     -0.17496    -0.183799     -0.20292   -0.0702816    0.0599898     0.896017     0.599165    -0.611887    -0.462463   -0.0898265   -0.0191786   -0.0435345      0.20429   -0.0887242
(NM) 2100: f = 275470 at  2.63985e-05     0.276991     0.231657      1.15225 -0.000416027    -0.029772   -0.0472871   -0.0150576   -0.0764041   -0.0744211   -0.0822599    -0.101322    -0.136558    -0.143814    -0.098243    -0.121826    -0.150667    -0.174958    -0.183807    -0.202904   -0.0702784    0.0599913     0.896016     0.599173    -0.611888    -0.462462   -0.0898242   -0.0191725   -0.0435887     0.204214   -0.0887849
(NM) 2120: f = 275470 at  2.63884e-05     0.276991     0.231655      1.15225 -0.000404598   -0.0298002   -0.0472901   -0.0150725   -0.0764074   -0.0744238   -0.0822567    -0.101309    -0.136543    -0.143819   -0.0982445    -0.121808    -0.150671     -0.17497    -0.183798    -0.202891   -0.0702814    0.0599939     0.896034      0.59918     -0.61189    -0.462467   -0.0898231   -0.0192218   -0.0435244     0.204214   -0.0890204
(NM) 2140: f = 275470 at  2.63637e-05     0.276987     0.231656      1.15224 -0.000426575   -0.0297631   -0.0472896   -0.0150633   -0.0763793     -0.07444   -0.0822575    -0.101316    -0.136548    -0.143791   -0.0982385    -0.121824    -0.150665    -0.174987    -0.183813    -0.202932    -0.070277    0.0599953     0.896021     0.599164     -0.61185    -0.462434   -0.0898209   -0.0192555   -0.0435757     0.204088   -0.0888951
(NM) 2160: f = 275470 at  2.63637e-05     0.276987     0.231656      1.15224 -0.000426575   -0.0297631   -0.0472896   -0.0150633   -0.0763793     -0.07444   -0.0822575    -0.101316    -0.136548    -0.143791   -0.0982385    -0.121824    -0.150665    -0.174987    -0.183813    -0.202932    -0.070277    0.0599953     0.896021     0.599164     -0.61185    -0.462434   -0.0898209   -0.0192555   -0.0435757     0.204088   -0.0888951
(NM) 2180: f = 275470 at  2.63765e-05     0.276988     0.231657      1.15225 -0.000412869   -0.0297758   -0.0472923   -0.0150632   -0.0763993   -0.0744292   -0.0822561    -0.101314    -0.136545     -0.14381   -0.0982396     -0.12181     -0.15066    -0.174967    -0.183806    -0.202906   -0.0702783    0.0599915     0.896026     0.599177    -0.611879    -0.462457   -0.0898218   -0.0192408   -0.0435659     0.204155   -0.0889161
(NM) 2200: f = 275470 at  2.63887e-05     0.276989     0.231657      1.15225 -0.000409675   -0.0297945   -0.0473135   -0.0150649   -0.0764028   -0.0744215   -0.0822575    -0.101319    -0.136549    -0.143814   -0.0982539    -0.121811    -0.150656     -0.17497     -0.18381    -0.202899   -0.0702753    0.0599929     0.896029      0.59917    -0.611871    -0.462458   -0.0898166   -0.0192291   -0.0436138     0.204095   -0.0888873
(NM) 2220: f = 275470 at  2.63514e-05     0.276989     0.231657      1.15225 -0.000414392   -0.0297769   -0.0473084   -0.0150788   -0.0763984   -0.0744328   -0.0822545    -0.101316    -0.136544    -0.143811    -0.098254    -0.121813    -0.150679    -0.174993    -0.183818    -0.202909   -0.0702766    0.0599945     0.896022     0.599164    -0.611837    -0.462437   -0.0898175   -0.0192407   -0.0435517      0.20405   -0.0888872
(NM) 2240: f = 275470 at  2.63638e-05     0.276988     0.231655      1.15225 -0.000410173   -0.0297807   -0.0473183   -0.0150807    -0.076401   -0.0744292   -0.0822451    -0.101325    -0.136547    -0.143826    -0.098263    -0.121816    -0.150675    -0.174991    -0.183814    -0.202912   -0.0702733     0.059998     0.896012     0.599155    -0.611834    -0.462431   -0.0898141   -0.0192612   -0.0435428     0.203995   -0.0889226
(NM) 2260: f = 275470 at  2.63524e-05     0.276987     0.231656      1.15225 -0.000417362   -0.0297764   -0.0473252   -0.0150827   -0.0763925   -0.0744364   -0.0822573    -0.101321    -0.136549     -0.14382   -0.0982688    -0.121814     -0.15068    -0.175001    -0.183822    -0.202916   -0.0702721    0.0599997     0.896017      0.59915     -0.61181    -0.462427   -0.0898149   -0.0192434   -0.0435789     0.203941   -0.0889316
(NM) 2280: f = 275470 at 2.63754e-05    0.276987    0.231657     1.15225 -0.00040987  -0.0297888   -0.047315  -0.0150721  -0.0763955  -0.0744279  -0.0822588   -0.101318   -0.136546   -0.143827  -0.0982666   -0.121811   -0.150652   -0.174983   -0.183811   -0.202907  -0.0702732   0.0599962    0.896024    0.599159   -0.611835   -0.462441   -0.089819  -0.0192371  -0.0436096    0.203977  -0.0889214
(NM) 2300: f = 275470 at  2.63751e-05     0.276986     0.231659      1.15225 -0.000404801   -0.0297711   -0.0473294    -0.015074   -0.0763994   -0.0744294   -0.0822646    -0.101323    -0.136549    -0.143823   -0.0982665    -0.121803    -0.150656    -0.174987    -0.183809    -0.202921   -0.0702747    0.0599933     0.896022     0.599158    -0.611823    -0.462438    -0.089816   -0.0192489   -0.0435482     0.203987   -0.0888665
(NM) 2320: f = 275470 at  2.63874e-05     0.276987     0.231657      1.15225 -0.000400872   -0.0297917   -0.0473303   -0.0150861   -0.0764024   -0.0744226   -0.0822602    -0.101327    -0.136557    -0.143836   -0.0982784    -0.121806    -0.150665    -0.175003    -0.183807    -0.202919   -0.0702768     0.059994     0.896008     0.599132    -0.611807    -0.462421   -0.0898149   -0.0192309   -0.0434782     0.203993   -0.0888119
(NM) 2340: f = 275470 at  2.63874e-05     0.276987     0.231657      1.15225 -0.000400872   -0.0297917   -0.0473303   -0.0150861   -0.0764024   -0.0744226   -0.0822602    -0.101327    -0.136557    -0.143836   -0.0982784    -0.121806    -0.150665    -0.175003    -0.183807    -0.202919   -0.0702768     0.059994     0.896008     0.599132    -0.611807    -0.462421   -0.0898149   -0.0192309   -0.0434782     0.203993   -0.0888119
(NM) 2360: f = 275470 at  2.63604e-05     0.276982     0.231657      1.15225 -0.000413745   -0.0297785   -0.0473246   -0.0150796   -0.0763884   -0.0744355   -0.0822827    -0.101316    -0.136555    -0.143814   -0.0982647    -0.121783    -0.150639    -0.174993    -0.183812    -0.202906   -0.0702806    0.0599904     0.896023     0.599146      -0.6118     -0.46243   -0.0898204   -0.0192175   -0.0436203     0.204001   -0.0887987
(NM) 2380: f = 275470 at 2.63917e-05    0.276985     0.23166     1.15224 -0.00040229  -0.0297786  -0.0473379  -0.0150912  -0.0763934  -0.0744202  -0.0822743    -0.10132   -0.136556   -0.143838  -0.0982932   -0.121792   -0.150643   -0.175012   -0.183804   -0.202932   -0.070276   0.0599951    0.896003    0.599126   -0.611779   -0.462406  -0.0898184  -0.0192361  -0.0434815    0.203905   -0.088819
(NM) 2400: f = 275470 at 2.63801e-05    0.276983    0.231658     1.15224 -0.00039796  -0.0297795  -0.0473377  -0.0150904  -0.0763929  -0.0744302   -0.082287   -0.101315   -0.136555   -0.143823   -0.098276   -0.121773    -0.15064   -0.175009   -0.183803   -0.202924  -0.0702827   0.0599891    0.896021    0.599135   -0.611781   -0.462413  -0.0898188  -0.0192477  -0.0434661    0.203966  -0.0888277
(NM) 2420: f = 275470 at  2.63916e-05     0.276982     0.231657      1.15225 -0.000403792   -0.0297914   -0.0473277   -0.0150862   -0.0763952   -0.0744294   -0.0822862    -0.101315    -0.136563    -0.143824   -0.0982678    -0.121772    -0.150635    -0.174996    -0.183799    -0.202913   -0.0702856    0.0599885     0.896017     0.599134    -0.611801    -0.462421   -0.0898212   -0.0192119    -0.043499     0.204043    -0.088777
(NM) 2440: f = 275470 at  2.63612e-05     0.276982     0.231657      1.15225 -0.000407806   -0.0297994   -0.0473387   -0.0151118   -0.0763976   -0.0744245   -0.0822854    -0.101314    -0.136556    -0.143839   -0.0982836    -0.121772     -0.15064    -0.175018    -0.183819      -0.2029   -0.0702821    0.0599927     0.896011     0.599116    -0.611774     -0.46239   -0.0898188   -0.0192231   -0.0435146     0.203935   -0.0887209
(NM) 2460: f = 275470 at  2.63347e-05     0.276979     0.231657      1.15225 -0.000405911   -0.0297887   -0.0473432   -0.0151069   -0.0763939   -0.0744247   -0.0822983    -0.101309    -0.136567    -0.143817   -0.0982736     -0.12175    -0.150625    -0.175006    -0.183809    -0.202901   -0.0702893    0.0599852      0.89602     0.599124    -0.611777    -0.462395   -0.0898193   -0.0192296   -0.0435201     0.203996   -0.0887018
(NM) 2480: f = 275470 at  2.63639e-05     0.276977     0.231657      1.15225 -0.000406085   -0.0297917   -0.0473306   -0.0151041   -0.0763896   -0.0744196   -0.0823061    -0.101314     -0.13657    -0.143838    -0.098287    -0.121754    -0.150609    -0.175006      -0.1838    -0.202913   -0.0702896     0.059986     0.896008     0.599102    -0.611766    -0.462385   -0.0898238   -0.0192201   -0.0434616     0.204004   -0.0886762
(NM) 2500: f = 275470 at  2.6324e-05    0.276977    0.231656     1.15226 -0.00040678  -0.0297838  -0.0473278   -0.015116  -0.0763878  -0.0744272  -0.0822917   -0.101323    -0.13657   -0.143837  -0.0982861   -0.121771    -0.15063   -0.175016   -0.183809   -0.202926  -0.0702878   0.0599868    0.895996    0.599085   -0.611746   -0.462359  -0.0898229   -0.019239  -0.0434215    0.203978   -0.088545
(NM) 2520: f = 275470 at  2.6324e-05    0.276977    0.231656     1.15226 -0.00040678  -0.0297838  -0.0473278   -0.015116  -0.0763878  -0.0744272  -0.0822917   -0.101323    -0.13657   -0.143837  -0.0982861   -0.121771    -0.15063   -0.175016   -0.183809   -0.202926  -0.0702878   0.0599868    0.895996    0.599085   -0.611746   -0.462359  -0.0898229   -0.019239  -0.0434215    0.203978   -0.088545
(NM) 2540: f = 275470 at  2.63134e-05     0.276975     0.231655      1.15226 -0.000408431   -0.0297859   -0.0473273   -0.0151206   -0.0763875    -0.074426   -0.0822932    -0.101325    -0.136572    -0.143843   -0.0982888    -0.121769    -0.150626    -0.175015    -0.183811    -0.202921   -0.0702877    0.0599874     0.895992     0.599079    -0.611744    -0.462352   -0.0898231   -0.0192414   -0.0434275     0.203967    -0.088532
(NM) 2560: f = 275470 at  2.63215e-05     0.276975     0.231655      1.15225 -0.000400101   -0.0297852   -0.0473235   -0.0151253   -0.0763849   -0.0744256   -0.0823103    -0.101317    -0.136568    -0.143853   -0.0982851    -0.121749     -0.15061    -0.175009    -0.183803    -0.202905   -0.0702864    0.0599889     0.895998     0.599088    -0.611764    -0.462354   -0.0898235   -0.0192826   -0.0434357      0.20391   -0.0887256
(NM) 2580: f = 275470 at  2.63087e-05     0.276975     0.231654      1.15226 -0.000407063   -0.0297808   -0.0473338   -0.0151182   -0.0763951   -0.0744244   -0.0822992    -0.101328    -0.136583    -0.143852   -0.0982904    -0.121765    -0.150624    -0.175002    -0.183803    -0.202919   -0.0702888    0.0599861     0.895991     0.599084    -0.611746    -0.462359   -0.0898219   -0.0192179    -0.043415      0.20398   -0.0885873
(NM) 2600: f = 275470 at   2.6307e-05     0.276975     0.231654      1.15226 -0.000407859   -0.0297799   -0.0473328   -0.0151189   -0.0763944   -0.0744255   -0.0822987    -0.101328    -0.136583    -0.143853   -0.0982905    -0.121766    -0.150626    -0.175003    -0.183803    -0.202919   -0.0702884    0.0599866      0.89599     0.599083    -0.611744    -0.462357   -0.0898221   -0.0192189   -0.0434154     0.203972   -0.0885898
(NM) 2620: f = 275470 at  2.63231e-05     0.276976     0.231656      1.15226 -0.000401364   -0.0297953   -0.0473328   -0.0151275   -0.0763949   -0.0744187   -0.0823066    -0.101324    -0.136579    -0.143864   -0.0982998    -0.121757    -0.150616     -0.17501    -0.183798    -0.202911   -0.0702881    0.0599883     0.895989     0.599075    -0.611746    -0.462348   -0.0898233   -0.0192308   -0.0433919     0.203936   -0.0886134
(NM) 2640: f = 275470 at  2.63317e-05     0.276976     0.231655      1.15226 -0.000404148   -0.0298009   -0.0473334   -0.0151227   -0.0763931   -0.0744176    -0.082304    -0.101327    -0.136576    -0.143866   -0.0983018    -0.121761    -0.150611    -0.175004    -0.183806      -0.2029   -0.0702838    0.0599912     0.895989     0.599078    -0.611759    -0.462361   -0.0898223   -0.0192199   -0.0434913     0.203908   -0.0886181
(NM) 2660: f = 275470 at  2.63276e-05     0.276978     0.231655      1.15226 -0.000399406     -0.02979   -0.0473351    -0.015121   -0.0763943   -0.0744241   -0.0822998     -0.10133    -0.136577    -0.143864   -0.0983007    -0.121768    -0.150626    -0.175008    -0.183797     -0.20292   -0.0702842    0.0599909     0.895991     0.599082    -0.611742    -0.462357   -0.0898208    -0.019236   -0.0434108     0.203895   -0.0886777
(NM) 2680: f = 275470 at  2.63191e-05     0.276977     0.231654      1.15226 -0.000399306   -0.0297842   -0.0473238   -0.0151199   -0.0763937   -0.0744318   -0.0823089    -0.101325    -0.136576    -0.143858   -0.0982869    -0.121762    -0.150629       -0.175    -0.183795    -0.202914   -0.0702868    0.0599881     0.895998     0.599089    -0.611752    -0.462363   -0.0898241   -0.0192351   -0.0434075     0.203945   -0.0887022
(NM) 2700: f = 275470 at  2.63324e-05      0.27698     0.231654      1.15226 -0.000392585   -0.0297785   -0.0473243   -0.0151234   -0.0763958   -0.0744311   -0.0823136    -0.101331    -0.136577    -0.143877   -0.0982962    -0.121764     -0.15063    -0.174995    -0.183789    -0.202917   -0.0702799    0.0599917     0.895988     0.599086    -0.611751    -0.462361   -0.0898225   -0.0192473   -0.0434172     0.203837   -0.0888001
(NM) 2720: f = 275470 at  2.63073e-05     0.276976     0.231653      1.15226 -0.000406853   -0.0297819   -0.0473177   -0.0151301    -0.076389   -0.0744265   -0.0823207    -0.101341    -0.136591    -0.143873   -0.0982919    -0.121764    -0.150615    -0.174989    -0.183789    -0.202921    -0.070283    0.0599909     0.895979     0.599064    -0.611759    -0.462335   -0.0898212   -0.0192469   -0.0434285     0.203881   -0.0886725
(NM) 2740: f = 275470 at  2.63365e-05     0.276979     0.231654      1.15226 -0.000388637   -0.0297898   -0.0473223   -0.0151322   -0.0763994   -0.0744216   -0.0823279    -0.101333    -0.136585    -0.143886   -0.0983013    -0.121755    -0.150618    -0.174992    -0.183785    -0.202909   -0.0702832    0.0599899     0.895985     0.599073     -0.61175    -0.462351   -0.0898238   -0.0192255   -0.0434112      0.20386   -0.0887445
(NM) 2760: f = 275470 at   2.6327e-05     0.276979     0.231652      1.15226 -0.000393574   -0.0297862   -0.0473219    -0.015136    -0.076401   -0.0744222   -0.0823325    -0.101337     -0.13659    -0.143895    -0.098304    -0.121751    -0.150619    -0.174984     -0.18378    -0.202907   -0.0702808    0.0599914     0.895976     0.599067    -0.611751    -0.462347   -0.0898222   -0.0192262   -0.0434298     0.203821   -0.0887895
(NM) 2780: f = 275470 at 2.63225e-05    0.276979    0.231651     1.15227  -0.0003925  -0.0297787   -0.047319  -0.0151314  -0.0763976  -0.0744326  -0.0823383   -0.101343   -0.136592   -0.143882   -0.098296   -0.121753   -0.150627    -0.17498   -0.183776   -0.202924  -0.0702829   0.0599878    0.895983    0.599066   -0.611742   -0.462351  -0.0898218  -0.0192287  -0.0434054    0.203852  -0.0887565
(NM) 2800: f = 275470 at  2.63154e-05     0.276978      0.23165      1.15227 -0.000408355   -0.0297766   -0.0473249   -0.0151242   -0.0763995   -0.0744357   -0.0823428    -0.101345    -0.136602    -0.143874   -0.0982873    -0.121745    -0.150627    -0.174968    -0.183772    -0.202916   -0.0702835    0.0599878     0.895983     0.599076    -0.611757    -0.462362    -0.089818   -0.0192104    -0.043464     0.203874   -0.0888035
(NM) 2820: f = 275470 at  2.63276e-05      0.27698     0.231648      1.15227 -0.000402247   -0.0297868    -0.047319   -0.0151432   -0.0763992   -0.0744303   -0.0823701    -0.101345    -0.136603    -0.143888   -0.0982975    -0.121734    -0.150622    -0.174978    -0.183776    -0.202908   -0.0702831    0.0599897     0.895977     0.599055    -0.611736    -0.462341    -0.089818   -0.0192026   -0.0434877     0.203792   -0.0888013
(NM) 2840: f = 275470 at  2.63276e-05      0.27698     0.231648      1.15227 -0.000402247   -0.0297868    -0.047319   -0.0151432   -0.0763992   -0.0744303   -0.0823701    -0.101345    -0.136603    -0.143888   -0.0982975    -0.121734    -0.150622    -0.174978    -0.183776    -0.202908   -0.0702831    0.0599897     0.895977     0.599055    -0.611736    -0.462341    -0.089818   -0.0192026   -0.0434877     0.203792   -0.0888013
(NM) 2860: f = 275470 at   2.6319e-05     0.276982     0.231648      1.15226 -0.000405198   -0.0297679   -0.0473264   -0.0151334   -0.0763973   -0.0744415   -0.0823744    -0.101342    -0.136607    -0.143861   -0.0982815    -0.121733    -0.150632    -0.174972    -0.183769    -0.202925   -0.0702847    0.0599875      0.89599     0.599076    -0.611746    -0.462353   -0.0898155   -0.0192073   -0.0434794     0.203814   -0.0888679
(NM) 2880: f = 275470 at  2.63343e-05     0.276981     0.231649      1.15226 -0.000411845   -0.0297726   -0.0473153   -0.0151332   -0.0763931   -0.0744377   -0.0823581    -0.101341    -0.136602    -0.143862    -0.098279    -0.121743    -0.150637    -0.174981    -0.183779    -0.202923   -0.0702838    0.0599888     0.895982     0.599068    -0.611745    -0.462349   -0.0898178   -0.0192042    -0.043497     0.203844   -0.0887789
(NM) 2900: f = 275470 at  2.63078e-05      0.27698     0.231648      1.15227 -0.000418692   -0.0297757   -0.0473181   -0.0151482   -0.0763922   -0.0744362   -0.0823627    -0.101347    -0.136607    -0.143871   -0.0982903    -0.121744    -0.150639    -0.174988    -0.183787    -0.202919   -0.0702824    0.0599905     0.895971     0.599046    -0.611728    -0.462326   -0.0898164   -0.0191998   -0.0435075     0.203787   -0.0886932
(NM) 2920: f = 275470 at  2.63078e-05      0.27698     0.231648      1.15227 -0.000418692   -0.0297757   -0.0473181   -0.0151482   -0.0763922   -0.0744362   -0.0823627    -0.101347    -0.136607    -0.143871   -0.0982903    -0.121744    -0.150639    -0.174988    -0.183787    -0.202919   -0.0702824    0.0599905     0.895971     0.599046    -0.611728    -0.462326   -0.0898164   -0.0191998   -0.0435075     0.203787   -0.0886932
(NM) 2940: f = 275470 at  2.63216e-05     0.276982     0.231647      1.15226 -0.000421402   -0.0297694   -0.0473135   -0.0151495   -0.0763893   -0.0744434   -0.0823835    -0.101344    -0.136605     -0.14386   -0.0982791     -0.12173    -0.150643    -0.174987    -0.183782    -0.202926    -0.070283    0.0599894     0.895976      0.59905    -0.611726    -0.462328   -0.0898146   -0.0192063   -0.0435254     0.203765   -0.0887765
(NM) 2960: f = 275470 at  2.63209e-05     0.276982     0.231648      1.15226 -0.000425094   -0.0297783   -0.0473146   -0.0151472   -0.0763904   -0.0744374   -0.0823686    -0.101345    -0.136603    -0.143863   -0.0982851    -0.121743     -0.15064     -0.17499    -0.183789    -0.202921   -0.0702815    0.0599917     0.895972     0.599049    -0.611732    -0.462327   -0.0898153   -0.0191963    -0.043544     0.203779   -0.0887048
(NM) 2980: f = 275470 at  2.63209e-05     0.276982     0.231648      1.15226 -0.000425094   -0.0297783   -0.0473146   -0.0151472   -0.0763904   -0.0744374   -0.0823686    -0.101345    -0.136603    -0.143863   -0.0982851    -0.121743     -0.15064     -0.17499    -0.183789    -0.202921   -0.0702815    0.0599917     0.895972     0.599049    -0.611732    -0.462327   -0.0898153   -0.0191963    -0.043544     0.203779   -0.0887048
(NM) 3000: f = 275470 at 2.63114e-05     0.27698    0.231648     1.15227 -0.00042276  -0.0297769  -0.0473174  -0.0151504  -0.0763901  -0.0744381  -0.0823708   -0.101349   -0.136603   -0.143871  -0.0982911    -0.12174   -0.150636    -0.17499   -0.183786   -0.202925  -0.0702814   0.0599909    0.895969    0.599041   -0.611725    -0.46232  -0.0898151  -0.0192075  -0.0435033    0.203764  -0.0887038
(NM) 3020: f = 275470 at 2.63412e-05    0.276981     0.23165     1.15226 -0.00042813  -0.0297779  -0.0473124  -0.0151369  -0.0763871  -0.0744387  -0.0823692   -0.101349     -0.1366   -0.143858  -0.0982802   -0.121741   -0.150633   -0.174987   -0.183782   -0.202934  -0.0702824   0.0599901    0.895971    0.599051   -0.611742   -0.462334  -0.0898146  -0.0192014  -0.0435098    0.203824  -0.0886976
(NM) 3040: f = 275470 at 2.63412e-05    0.276981     0.23165     1.15226 -0.00042813  -0.0297779  -0.0473124  -0.0151369  -0.0763871  -0.0744387  -0.0823692   -0.101349     -0.1366   -0.143858  -0.0982802   -0.121741   -0.150633   -0.174987   -0.183782   -0.202934  -0.0702824   0.0599901    0.895971    0.599051   -0.611742   -0.462334  -0.0898146  -0.0192014  -0.0435098    0.203824  -0.0886976
(NM) 3060: f = 275470 at 2.63412e-05    0.276981     0.23165     1.15226 -0.00042813  -0.0297779  -0.0473124  -0.0151369  -0.0763871  -0.0744387  -0.0823692   -0.101349     -0.1366   -0.143858  -0.0982802   -0.121741   -0.150633   -0.174987   -0.183782   -0.202934  -0.0702824   0.0599901    0.895971    0.599051   -0.611742   -0.462334  -0.0898146  -0.0192014  -0.0435098    0.203824  -0.0886976
(NM) 3080: f = 275470 at  2.63262e-05     0.276981     0.231648      1.15226 -0.000439272   -0.0297742   -0.0473082    -0.015146   -0.0763834   -0.0744418   -0.0823788    -0.101354    -0.136603    -0.143859    -0.098285    -0.121747    -0.150644    -0.174992    -0.183789    -0.202939   -0.0702795    0.0599927     0.895963     0.599034    -0.611728    -0.462315    -0.089813    -0.019198   -0.0435406      0.20376   -0.0886532
(NM) 3100: f = 275470 at  2.63375e-05      0.27698      0.23165      1.15226 -0.000438481   -0.0297802   -0.0473162   -0.0151369   -0.0763823   -0.0744393   -0.0823691    -0.101356    -0.136598    -0.143855   -0.0982918    -0.121752    -0.150639    -0.174997     -0.18379    -0.202947   -0.0702794    0.0599929     0.895964     0.599035    -0.611728    -0.462323   -0.0898119   -0.0191995   -0.0435235      0.20378   -0.0886156
(NM) 3120: f = 275470 at  2.63262e-05     0.276982      0.23165      1.15226 -0.000445244   -0.0297795   -0.0473073   -0.0151444   -0.0763868   -0.0744471   -0.0823773    -0.101363    -0.136596    -0.143869   -0.0982893    -0.121758     -0.15065    -0.174991    -0.183786    -0.202949    -0.070277    0.0599952     0.895961     0.599034    -0.611731    -0.462312   -0.0898117   -0.0191923   -0.0434806     0.203763   -0.0886684
(NM) 3140: f = 275470 at  2.63262e-05     0.276982      0.23165      1.15226 -0.000445244   -0.0297795   -0.0473073   -0.0151444   -0.0763868   -0.0744471   -0.0823773    -0.101363    -0.136596    -0.143869   -0.0982893    -0.121758     -0.15065    -0.174991    -0.183786    -0.202949    -0.070277    0.0599952     0.895961     0.599034    -0.611731    -0.462312   -0.0898117   -0.0191923   -0.0434806     0.203763   -0.0886684
(NM) 3160: f = 275470 at  2.63346e-05     0.276981     0.231651      1.15226 -0.000431043   -0.0297794   -0.0473125   -0.0151333   -0.0763865   -0.0744448   -0.0823721    -0.101358    -0.136595    -0.143863   -0.0982901    -0.121752     -0.15064    -0.174988     -0.18378     -0.20295     -0.07028     0.059992     0.895969     0.599045    -0.611735    -0.462328   -0.0898134   -0.0192046   -0.0434557     0.203797   -0.0886839
(NM) 3180: f = 275470 at  2.63282e-05     0.276981      0.23165      1.15226 -0.000443429   -0.0297756   -0.0473085   -0.0151388   -0.0763842   -0.0744461   -0.0823801    -0.101362    -0.136596    -0.143865   -0.0982911    -0.121754    -0.150645    -0.174988    -0.183783    -0.202952   -0.0702773    0.0599945      0.89596     0.599035    -0.611733    -0.462316   -0.0898121   -0.0192043   -0.0434801      0.20376   -0.0886884
(NM) 3200: f = 275470 at    2.633e-05     0.276982      0.23165      1.15226 -0.000446742   -0.0297921    -0.047319   -0.0151399   -0.0763925   -0.0744466    -0.082369    -0.101363     -0.13659    -0.143873   -0.0982948    -0.121755    -0.150651     -0.17499    -0.183784    -0.202944   -0.0702751    0.0599971     0.895963     0.599042    -0.611738    -0.462323   -0.0898087   -0.0191944   -0.0434934     0.203755   -0.0887204
(NM) 3220: f = 275470 at  2.63247e-05     0.276981     0.231651      1.15227 -0.000445915   -0.0297844   -0.0473107   -0.0151439   -0.0763878   -0.0744476   -0.0823806    -0.101368    -0.136592     -0.14388   -0.0983005    -0.121758    -0.150648    -0.174991    -0.183783    -0.202952   -0.0702757    0.0599965     0.895955     0.599027    -0.611729     -0.46231   -0.0898116   -0.0191901   -0.0434409     0.203747   -0.0886653
(NM) 3240: f = 275470 at 2.63313e-05    0.276981    0.231653     1.15227 -0.00044554  -0.0297891  -0.0473174  -0.0151297  -0.0763926  -0.0744515  -0.0823762   -0.101369   -0.136581   -0.143878  -0.0983017   -0.121758   -0.150645   -0.174984   -0.183778   -0.202953  -0.0702749   0.0599961    0.895962    0.599044   -0.611743   -0.462329  -0.0898111  -0.0191909  -0.0434216    0.203776  -0.0887011
(NM) 3260: f = 275470 at 2.63313e-05    0.276981    0.231653     1.15227 -0.00044554  -0.0297891  -0.0473174  -0.0151297  -0.0763926  -0.0744515  -0.0823762   -0.101369   -0.136581   -0.143878  -0.0983017   -0.121758   -0.150645   -0.174984   -0.183778   -0.202953  -0.0702749   0.0599961    0.895962    0.599044   -0.611743   -0.462329  -0.0898111  -0.0191909  -0.0434216    0.203776  -0.0887011
(NM) 3280: f = 275470 at  2.63088e-05     0.276982     0.231653      1.15226 -0.000458492   -0.0297919   -0.0473173   -0.0151418    -0.076398   -0.0744655   -0.0823866    -0.101372    -0.136575    -0.143886   -0.0982982    -0.121757    -0.150664    -0.174989    -0.183781    -0.202948   -0.0702752     0.059998     0.895963     0.599044    -0.611732    -0.462316   -0.0898102   -0.0191675    -0.043386     0.203767    -0.088702
(NM) 3300: f = 275470 at  2.63258e-05     0.276982     0.231654      1.15227 -0.000455847   -0.0298006   -0.0473211   -0.0151365   -0.0763992   -0.0744574   -0.0823857    -0.101375    -0.136575    -0.143894   -0.0983097    -0.121757     -0.15065    -0.174985    -0.183777     -0.20295   -0.0702741    0.0599983     0.895961      0.59904    -0.611737    -0.462322   -0.0898106   -0.0191615   -0.0433884     0.203772   -0.0886889
(NM) 3320: f = 275470 at   2.6318e-05     0.276981     0.231653      1.15226 -0.000446088   -0.0297911    -0.047323   -0.0151321   -0.0763969   -0.0744595   -0.0823782    -0.101367    -0.136578    -0.143878   -0.0982993    -0.121753    -0.150652    -0.174987    -0.183778    -0.202949    -0.070278    0.0599945     0.895971     0.599051    -0.611733    -0.462331    -0.089812   -0.0191781   -0.0433833     0.203809   -0.0886995
(NM) 3340: f = 275470 at  2.63203e-05     0.276981     0.231653      1.15227 -0.000449628   -0.0297972   -0.0473258   -0.0151352   -0.0763992   -0.0744567   -0.0823879    -0.101371    -0.136582    -0.143885   -0.0983041    -0.121748    -0.150648    -0.174983    -0.183775    -0.202946   -0.0702772    0.0599952     0.895967     0.599045    -0.611733    -0.462328   -0.0898105   -0.0191635   -0.0434042     0.203788   -0.0887016
(NM) 3360: f = 275470 at 2.63084e-05    0.276981    0.231653     1.15226 -0.00046553  -0.0297956  -0.0473195  -0.0151426  -0.0763981  -0.0744697  -0.0823988   -0.101371   -0.136569   -0.143882  -0.0982958   -0.121741   -0.150662   -0.174988   -0.183781   -0.202943  -0.0702762   0.0599961    0.895969    0.599045   -0.611726    -0.46232  -0.0898101  -0.0191646  -0.0434157    0.203776   -0.088702
(NM) 3380: f = 275470 at 2.63084e-05    0.276981    0.231653     1.15226 -0.00046553  -0.0297956  -0.0473195  -0.0151426  -0.0763981  -0.0744697  -0.0823988   -0.101371   -0.136569   -0.143882  -0.0982958   -0.121741   -0.150662   -0.174988   -0.183781   -0.202943  -0.0702762   0.0599961    0.895969    0.599045   -0.611726    -0.46232  -0.0898101  -0.0191646  -0.0434157    0.203776   -0.088702
(NM) 3400: f = 275470 at  2.63181e-05      0.27698     0.231652      1.15226 -0.000460055    -0.029798   -0.0473203   -0.0151359   -0.0763957   -0.0744619   -0.0823875    -0.101365    -0.136571    -0.143878   -0.0982981    -0.121742    -0.150652    -0.174987    -0.183782    -0.202939   -0.0702772     0.059996      0.89597     0.599049    -0.611736    -0.462329    -0.089812    -0.019168   -0.0434368     0.203806   -0.0887029
(NM) 3420: f = 275470 at  2.63054e-05     0.276979     0.231653      1.15226 -0.000470867   -0.0297992    -0.047321   -0.0151397   -0.0763967   -0.0744686   -0.0823902    -0.101369    -0.136562    -0.143883   -0.0983014    -0.121741    -0.150659     -0.17499    -0.183785    -0.202939   -0.0702756    0.0599976     0.895966     0.599046     -0.61173    -0.462322   -0.0898117   -0.0191661   -0.0434248     0.203793    -0.088679
(NM) 3440: f = 275470 at  2.63116e-05     0.276978     0.231652      1.15227 -0.000473074   -0.0297953   -0.0473217   -0.0151349   -0.0763919   -0.0744674   -0.0823982     -0.10137    -0.136567    -0.143873   -0.0983004    -0.121735    -0.150653    -0.174988    -0.183783    -0.202945   -0.0702762    0.0599964     0.895964     0.599043    -0.611731    -0.462325   -0.0898106   -0.0191677   -0.0434559     0.203788   -0.0886679
(NM) 3460: f = 275470 at  2.63116e-05     0.276978     0.231652      1.15227 -0.000473074   -0.0297953   -0.0473217   -0.0151349   -0.0763919   -0.0744674   -0.0823982     -0.10137    -0.136567    -0.143873   -0.0983004    -0.121735    -0.150653    -0.174988    -0.183783    -0.202945   -0.0702762    0.0599964     0.895964     0.599043    -0.611731    -0.462325   -0.0898106   -0.0191677   -0.0434559     0.203788   -0.0886679
(NM) 3480: f = 275470 at  2.63116e-05     0.276978     0.231652      1.15227 -0.000473074   -0.0297953   -0.0473217   -0.0151349   -0.0763919   -0.0744674   -0.0823982     -0.10137    -0.136567    -0.143873   -0.0983004    -0.121735    -0.150653    -0.174988    -0.183783    -0.202945   -0.0702762    0.0599964     0.895964     0.599043    -0.611731    -0.462325   -0.0898106   -0.0191677   -0.0434559     0.203788   -0.0886679
(NM) 3500: f = 275470 at  2.63106e-05     0.276978     0.231652      1.15227 -0.000475436   -0.0297957   -0.0473211   -0.0151354   -0.0763909   -0.0744679   -0.0823994     -0.10137    -0.136566    -0.143872   -0.0983004    -0.121733    -0.150653    -0.174988    -0.183784    -0.202944   -0.0702761    0.0599965     0.895964     0.599041     -0.61173    -0.462324   -0.0898108   -0.0191684   -0.0434658     0.203787   -0.0886624
(NM) 3520: f = 275470 at  2.63191e-05     0.276978     0.231653      1.15227 -0.000468301   -0.0297972   -0.0473183   -0.0151342   -0.0763912    -0.074463     -0.08239    -0.101369    -0.136567    -0.143876   -0.0983015     -0.12174     -0.15065    -0.174989    -0.183782    -0.202947   -0.0702766    0.0599961     0.895963     0.599041    -0.611733    -0.462324    -0.089812   -0.0191745   -0.0434335     0.203806   -0.0886537
(NM) 3540: f = 275470 at  2.63126e-05     0.276979     0.231653      1.15227 -0.000475704   -0.0298008   -0.0473224   -0.0151386   -0.0763948   -0.0744689   -0.0823953    -0.101371    -0.136558    -0.143883   -0.0983063    -0.121737    -0.150659    -0.174992    -0.183786    -0.202941   -0.0702744    0.0599986     0.895963     0.599041    -0.611729    -0.462323   -0.0898113   -0.0191653   -0.0434382     0.203783   -0.0886757
(NM) 3560: f = 275470 at   2.6316e-05     0.276978     0.231652      1.15227 -0.000474487   -0.0297958   -0.0473164    -0.015138   -0.0763905   -0.0744668   -0.0823971     -0.10137    -0.136566    -0.143879   -0.0983033    -0.121737    -0.150655     -0.17499    -0.183782    -0.202947   -0.0702756    0.0599971      0.89596     0.599036    -0.611725    -0.462318   -0.0898125   -0.0191688   -0.0434474     0.203785   -0.0886503
(NM) 3580: f = 275470 at   2.6312e-05     0.276978     0.231652      1.15227 -0.000473237   -0.0297955   -0.0473202   -0.0151346   -0.0763933   -0.0744701   -0.0823945    -0.101371    -0.136561    -0.143881   -0.0983045    -0.121737    -0.150657    -0.174987     -0.18378    -0.202946   -0.0702746    0.0599974     0.895963     0.599043     -0.61173    -0.462325   -0.0898119   -0.0191755   -0.0434278     0.203785   -0.0886987
(NM) 3600: f = 275470 at  2.63206e-05     0.276978     0.231653      1.15226 -0.000476055   -0.0297977   -0.0473184   -0.0151328    -0.076391   -0.0744714   -0.0823932    -0.101369    -0.136552    -0.143878   -0.0983052    -0.121733    -0.150657    -0.174992    -0.183781    -0.202947   -0.0702742    0.0599977     0.895963     0.599044    -0.611731    -0.462328   -0.0898128   -0.0191844   -0.0434298     0.203796   -0.0886932
(NM) 3620: f = 275470 at  2.63217e-05     0.276977     0.231652      1.15227 -0.000478319   -0.0297941   -0.0473151   -0.0151332   -0.0763879   -0.0744699   -0.0823906    -0.101368    -0.136551    -0.143879   -0.0983073    -0.121734    -0.150658    -0.174992    -0.183783    -0.202948   -0.0702728     0.059999     0.895958      0.59904    -0.611732    -0.462325   -0.0898137   -0.0191918   -0.0434481     0.203785   -0.0886961
(NM) 3640: f = 275470 at   2.6322e-05     0.276978     0.231652      1.15227 -0.000476458   -0.0297962   -0.0473169   -0.0151326   -0.0763899   -0.0744709   -0.0823931    -0.101369     -0.13655    -0.143878   -0.0983084    -0.121733     -0.15066    -0.174992     -0.18378     -0.20295   -0.0702724    0.0599988      0.89596     0.599042     -0.61173    -0.462328   -0.0898127   -0.0191962   -0.0434383     0.203777   -0.0887187
(NM) 3660: f = 275470 at   2.6322e-05     0.276978     0.231652      1.15227 -0.000476458   -0.0297962   -0.0473169   -0.0151326   -0.0763899   -0.0744709   -0.0823931    -0.101369     -0.13655    -0.143878   -0.0983084    -0.121733     -0.15066    -0.174992     -0.18378     -0.20295   -0.0702724    0.0599988      0.89596     0.599042     -0.61173    -0.462328   -0.0898127   -0.0191962   -0.0434383     0.203777   -0.0887187
(NM) 3680: f = 275470 at 2.63258e-05    0.276978    0.231652     1.15227 -0.00047886  -0.0297977  -0.0473139  -0.0151356  -0.0763909  -0.0744713  -0.0823971    -0.10137   -0.136547   -0.143887  -0.0983124   -0.121732    -0.15066   -0.174992    -0.18378   -0.202946  -0.0702715   0.0599995    0.895956    0.599038   -0.611729   -0.462324  -0.0898149  -0.0191834  -0.0434373    0.203773  -0.0886948
(NM) 3700: f = 275470 at   2.6321e-05     0.276978     0.231652      1.15227 -0.000474373   -0.0297995   -0.0473176   -0.0151389   -0.0763929   -0.0744689   -0.0823971     -0.10137    -0.136552    -0.143889   -0.0983145    -0.121729    -0.150658    -0.174993    -0.183778    -0.202947   -0.0702731    0.0599987     0.895956     0.599035    -0.611726    -0.462321   -0.0898139   -0.0191845   -0.0434137     0.203778   -0.0886923
(NM) 3720: f = 275470 at   2.6319e-05     0.276978     0.231651      1.15227 -0.000476017   -0.0297992   -0.0473162   -0.0151409   -0.0763921    -0.074469   -0.0823993    -0.101369    -0.136552    -0.143888   -0.0983125    -0.121727    -0.150659    -0.174992    -0.183779    -0.202943   -0.0702729    0.0599989     0.895957     0.599035    -0.611724    -0.462321   -0.0898142   -0.0191847   -0.0434402     0.203769   -0.0887065
(NM) 3740: f = 275470 at   2.6321e-05     0.276978      0.23165      1.15226 -0.000480311   -0.0297987   -0.0473134   -0.0151419   -0.0763913   -0.0744706   -0.0823965    -0.101364     -0.13655    -0.143882   -0.0983102    -0.121722    -0.150665    -0.174994    -0.183779    -0.202937    -0.070273    0.0599991     0.895955     0.599037    -0.611726    -0.462323   -0.0898159    -0.019183   -0.0434725     0.203784   -0.0886921
(NM) 3760: f = 275470 at  2.63196e-05     0.276978     0.231651      1.15227 -0.000477332   -0.0298012   -0.0473141   -0.0151421   -0.0763925   -0.0744673   -0.0823995    -0.101367    -0.136553    -0.143887    -0.098314    -0.121725     -0.15066    -0.174992    -0.183777    -0.202941   -0.0702732    0.0599989     0.895954     0.599033    -0.611725    -0.462318   -0.0898151   -0.0191823   -0.0434482     0.203774   -0.0886893
(NM) 3780: f = 275470 at  2.63252e-05      0.27698      0.23165      1.15227 -0.000467888   -0.0298047   -0.0473173   -0.0151429   -0.0763967   -0.0744609   -0.0823927    -0.101368    -0.136558    -0.143894   -0.0983226    -0.121729     -0.15066    -0.174991    -0.183773     -0.20294   -0.0702721    0.0599996      0.89595     0.599031    -0.611724     -0.46232   -0.0898152   -0.0191807   -0.0434372     0.203762   -0.0886989
(NM) 3800: f = 275470 at  2.63236e-05     0.276979     0.231651      1.15227 -0.000476624   -0.0298007   -0.0473175   -0.0151374   -0.0763931   -0.0744674    -0.082395    -0.101368    -0.136552    -0.143882   -0.0983159    -0.121728    -0.150663    -0.174992    -0.183776    -0.202946   -0.0702723    0.0599994     0.895954     0.599036    -0.611726    -0.462324   -0.0898138   -0.0191866   -0.0434493     0.203773   -0.0886966
(NM) 3820: f = 275470 at  2.63242e-05     0.276981      0.23165      1.15226 -0.000476769   -0.0298036   -0.0473169   -0.0151432   -0.0763965   -0.0744677   -0.0823955    -0.101367    -0.136551    -0.143888   -0.0983209    -0.121726    -0.150672    -0.174994    -0.183771    -0.202945   -0.0702713    0.0600008      0.89595     0.599034    -0.611722    -0.462319    -0.089815    -0.019181   -0.0434415     0.203762   -0.0887099
(NM) 3840: f = 275470 at  2.63243e-05     0.276981     0.231649      1.15227 -0.000467209   -0.0298028   -0.0473155   -0.0151433   -0.0763969   -0.0744577   -0.0823885    -0.101364    -0.136563    -0.143885   -0.0983231    -0.121725    -0.150665    -0.174993    -0.183767    -0.202942   -0.0702742    0.0599984     0.895944      0.59903    -0.611722    -0.462318    -0.089817   -0.0191805   -0.0434407     0.203788   -0.0886543
(NM) 3860: f = 275470 at  2.63278e-05     0.276981     0.231649      1.15226 -0.000478468   -0.0298076   -0.0473162   -0.0151425   -0.0763958   -0.0744622   -0.0823915    -0.101363    -0.136552    -0.143879   -0.0983244    -0.121721    -0.150671    -0.174998    -0.183769    -0.202945   -0.0702728    0.0599999     0.895944      0.59903     -0.61172    -0.462318   -0.0898159   -0.0191835   -0.0434588     0.203783   -0.0886501
(NM) 3880: f = 275470 at 2.63275e-05    0.276981    0.231649     1.15227 -0.00048007  -0.0298118  -0.0473186  -0.0151387  -0.0763971  -0.0744643  -0.0823916   -0.101367   -0.136547   -0.143882  -0.0983316    -0.12172   -0.150673   -0.174996   -0.183764   -0.202949  -0.0702711   0.0600011    0.895942    0.599031   -0.611722   -0.462321  -0.0898154  -0.0191878  -0.0434436    0.203774  -0.0886698
(NM) 3900: f = 275470 at  2.63214e-05     0.276981     0.231651      1.15226 -0.000474216   -0.0298085    -0.047322   -0.0151362   -0.0763969   -0.0744602   -0.0823866    -0.101364    -0.136558    -0.143867    -0.098323    -0.121725     -0.15067    -0.174999    -0.183764    -0.202956   -0.0702755    0.0599979     0.895947     0.599035     -0.61172    -0.462318   -0.0898138   -0.0191878   -0.0434222     0.203802   -0.0886233
(NM) 3920: f = 275470 at  2.63092e-05     0.276981     0.231649      1.15227 -0.000482534   -0.0298098   -0.0473234   -0.0151383   -0.0763993   -0.0744663   -0.0823908    -0.101363    -0.136554    -0.143867   -0.0983237    -0.121718    -0.150677    -0.174997    -0.183763     -0.20295   -0.0702754    0.0599984     0.895946     0.599037     -0.61172    -0.462319   -0.0898143   -0.0191792   -0.0434353      0.20381   -0.0886233
(NM) 3940: f = 275470 at  2.63092e-05     0.276981     0.231649      1.15227 -0.000482534   -0.0298098   -0.0473234   -0.0151383   -0.0763993   -0.0744663   -0.0823908    -0.101363    -0.136554    -0.143867   -0.0983237    -0.121718    -0.150677    -0.174997    -0.183763     -0.20295   -0.0702754    0.0599984     0.895946     0.599037     -0.61172    -0.462319   -0.0898143   -0.0191792   -0.0434353      0.20381   -0.0886233
(NM) 3960: f = 275470 at  2.63077e-05      0.27698     0.231649      1.15227 -0.000482272   -0.0298098   -0.0473213   -0.0151369   -0.0763978   -0.0744655   -0.0823908    -0.101362    -0.136554    -0.143865   -0.0983229    -0.121714    -0.150673    -0.174995    -0.183761    -0.202949   -0.0702762    0.0599973     0.895947     0.599037     -0.61172    -0.462319   -0.0898155   -0.0191863   -0.0434409     0.203818   -0.0886192
(NM) 3980: f = 275470 at  2.63105e-05     0.276981      0.23165      1.15227 -0.000479406   -0.0298213   -0.0473272   -0.0151389   -0.0764028   -0.0744607   -0.0823943    -0.101366    -0.136553    -0.143873   -0.0983342    -0.121715     -0.15067    -0.174996    -0.183759    -0.202949   -0.0702756    0.0599983     0.895945     0.599032    -0.611716    -0.462316   -0.0898143   -0.0191764   -0.0434201     0.203803   -0.0886049
(NM) 4000: f = 275470 at  2.63105e-05      0.27698      0.23165      1.15227 -0.000484207   -0.0298136   -0.0473228   -0.0151338   -0.0763981   -0.0744653   -0.0823922    -0.101365    -0.136549    -0.143865   -0.0983283    -0.121714    -0.150672    -0.174996    -0.183759    -0.202954   -0.0702756    0.0599978     0.895944     0.599035    -0.611722    -0.462319    -0.089815   -0.0191888   -0.0434182     0.203822   -0.0886046
(NM) 4020: f = 275470 at  2.63105e-05      0.27698      0.23165      1.15227 -0.000484207   -0.0298136   -0.0473228   -0.0151338   -0.0763981   -0.0744653   -0.0823922    -0.101365    -0.136549    -0.143865   -0.0983283    -0.121714    -0.150672    -0.174996    -0.183759    -0.202954   -0.0702756    0.0599978     0.895944     0.599035    -0.611722    -0.462319    -0.089815   -0.0191888   -0.0434182     0.203822   -0.0886046
(NM) 4040: f = 275470 at  2.63086e-05      0.27698      0.23165      1.15227 -0.000483924   -0.0298164   -0.0473229   -0.0151363   -0.0763995   -0.0744627   -0.0823925    -0.101365     -0.13655     -0.14387    -0.098335    -0.121713    -0.150672    -0.174995    -0.183758    -0.202951   -0.0702746    0.0599985      0.89594     0.599031     -0.61172    -0.462317   -0.0898159   -0.0191859   -0.0434229      0.20381     -0.08859
(NM) 4060: f = 275470 at  2.63086e-05      0.27698      0.23165      1.15227 -0.000483924   -0.0298164   -0.0473229   -0.0151363   -0.0763995   -0.0744627   -0.0823925    -0.101365     -0.13655     -0.14387    -0.098335    -0.121713    -0.150672    -0.174995    -0.183758    -0.202951   -0.0702746    0.0599985      0.89594     0.599031     -0.61172    -0.462317   -0.0898159   -0.0191859   -0.0434229      0.20381     -0.08859
(NM) 4080: f = 275470 at  2.63086e-05      0.27698      0.23165      1.15227 -0.000483924   -0.0298164   -0.0473229   -0.0151363   -0.0763995   -0.0744627   -0.0823925    -0.101365     -0.13655     -0.14387    -0.098335    -0.121713    -0.150672    -0.174995    -0.183758    -0.202951   -0.0702746    0.0599985      0.89594     0.599031     -0.61172    -0.462317   -0.0898159   -0.0191859   -0.0434229      0.20381     -0.08859
(NM) 4100: f = 275470 at  2.63056e-05      0.27698      0.23165      1.15227 -0.000483156   -0.0298173   -0.0473244   -0.0151324   -0.0763996   -0.0744613   -0.0823894    -0.101366    -0.136549    -0.143865   -0.0983366    -0.121714    -0.150671    -0.174995    -0.183755    -0.202956   -0.0702753    0.0599976      0.89594     0.599032    -0.611722    -0.462316   -0.0898159   -0.0191914   -0.0434046     0.203822   -0.0885639
(NM) 4120: f = 275470 at  2.63056e-05      0.27698      0.23165      1.15227 -0.000483156   -0.0298173   -0.0473244   -0.0151324   -0.0763996   -0.0744613   -0.0823894    -0.101366    -0.136549    -0.143865   -0.0983366    -0.121714    -0.150671    -0.174995    -0.183755    -0.202956   -0.0702753    0.0599976      0.89594     0.599032    -0.611722    -0.462316   -0.0898159   -0.0191914   -0.0434046     0.203822   -0.0885639
(NM) 4140: f = 275470 at  2.63092e-05     0.276981      0.23165      1.15227 -0.000482597   -0.0298176   -0.0473221   -0.0151352   -0.0763998   -0.0744596   -0.0823911    -0.101366    -0.136551    -0.143868   -0.0983385    -0.121714    -0.150672    -0.174994    -0.183755    -0.202955   -0.0702744    0.0599983     0.895937     0.599029    -0.611721    -0.462314   -0.0898162   -0.0191891   -0.0434165      0.20381   -0.0885697
(NM) 4160: f = 275470 at   2.6305e-05      0.27698      0.23165      1.15227 -0.000484542   -0.0298154   -0.0473224   -0.0151338   -0.0763982   -0.0744624   -0.0823936    -0.101367    -0.136551    -0.143865   -0.0983332    -0.121715     -0.15067    -0.174993    -0.183758    -0.202955   -0.0702748    0.0599979     0.895941     0.599032    -0.611723    -0.462315   -0.0898152   -0.0191903   -0.0434227      0.20381    -0.088578
(NM) 4180: f = 275470 at  2.63048e-05      0.27698     0.231651      1.15227 -0.000480947   -0.0298176   -0.0473224   -0.0151327   -0.0763996   -0.0744601   -0.0823942    -0.101366    -0.136552    -0.143867   -0.0983354    -0.121714    -0.150666     -0.17499    -0.183755    -0.202953   -0.0702756    0.0599968     0.895942     0.599032    -0.611724    -0.462316   -0.0898163   -0.0191878   -0.0434097      0.20382   -0.0885662
(NM) 4200: f = 275470 at  2.63091e-05      0.27698      0.23165      1.15227 -0.000479407   -0.0298137   -0.0473194   -0.0151324   -0.0763971   -0.0744588   -0.0823912    -0.101365    -0.136555    -0.143863   -0.0983309    -0.121716    -0.150667    -0.174991    -0.183757    -0.202954   -0.0702754    0.0599968     0.895942     0.599033    -0.611725    -0.462317   -0.0898163   -0.0191934   -0.0434315     0.203815   -0.0885782
(NM) 4220: f = 275470 at  2.63019e-05      0.27698      0.23165      1.15227 -0.000479373   -0.0298165   -0.0473222   -0.0151334   -0.0763991   -0.0744605   -0.0823933    -0.101364    -0.136554    -0.143863   -0.0983317    -0.121712    -0.150667     -0.17499    -0.183755    -0.202952   -0.0702764    0.0599962     0.895944     0.599035    -0.611724    -0.462316   -0.0898162   -0.0191922    -0.043421      0.20382   -0.0885815
(NM) 4240: f = 275470 at  2.63068e-05      0.27698      0.23165      1.15227 -0.000479001   -0.0298149   -0.0473174   -0.0151317   -0.0763971   -0.0744578   -0.0823915    -0.101365    -0.136553    -0.143863   -0.0983332    -0.121715    -0.150666    -0.174989    -0.183754    -0.202954   -0.0702753    0.0599964     0.895941     0.599032    -0.611727    -0.462315   -0.0898172   -0.0191996   -0.0434243     0.203817   -0.0885678
(NM) 4260: f = 275470 at  2.63048e-05      0.27698      0.23165      1.15227 -0.000479713   -0.0298172   -0.0473201   -0.0151296   -0.0763971   -0.0744585    -0.082392    -0.101364    -0.136552    -0.143859    -0.098333    -0.121712    -0.150665    -0.174989    -0.183754    -0.202955   -0.0702757     0.059996     0.895944     0.599035    -0.611727    -0.462317   -0.0898164   -0.0192022    -0.043426     0.203821   -0.0885708
(NM) 4280: f = 275470 at   2.6304e-05     0.276981      0.23165      1.15227 -0.000479271    -0.029817   -0.0473196   -0.0151334   -0.0763985   -0.0744576   -0.0823916    -0.101364    -0.136554    -0.143863   -0.0983341    -0.121713    -0.150668    -0.174989    -0.183754    -0.202951   -0.0702753    0.0599966     0.895941     0.599032    -0.611726    -0.462316   -0.0898167   -0.0191953   -0.0434361     0.203814   -0.0885689
(NM) 4300: f = 275470 at  2.63052e-05     0.276981      0.23165      1.15227 -0.000477457    -0.029816   -0.0473192   -0.0151303    -0.076398   -0.0744583   -0.0823913    -0.101364    -0.136555    -0.143859   -0.0983304    -0.121717    -0.150668    -0.174989    -0.183753    -0.202956   -0.0702755    0.0599959     0.895945     0.599036    -0.611728    -0.462317    -0.089816   -0.0191997   -0.0434277     0.203814   -0.0885751
(NM) 4320: f = 275470 at  2.63028e-05     0.276981      0.23165      1.15227 -0.000476674   -0.0298173   -0.0473196   -0.0151329   -0.0763984   -0.0744586    -0.082396    -0.101364    -0.136554    -0.143861   -0.0983305     -0.12171    -0.150666    -0.174988    -0.183753    -0.202951   -0.0702759    0.0599954     0.895947     0.599036    -0.611725    -0.462316   -0.0898162   -0.0192024   -0.0434336     0.203811   -0.0885915
(NM) 4340: f = 275470 at  2.63042e-05     0.276981      0.23165      1.15227 -0.000477096   -0.0298207   -0.0473209   -0.0151333   -0.0764005   -0.0744589   -0.0823936    -0.101365    -0.136551    -0.143863   -0.0983344    -0.121712    -0.150671    -0.174989    -0.183752    -0.202954    -0.070275    0.0599964     0.895945     0.599035    -0.611724    -0.462316   -0.0898159   -0.0192018   -0.0434219     0.203807   -0.0885938
(NM) 4360: f = 275470 at  2.62989e-05     0.276982      0.23165      1.15227 -0.000477097   -0.0298227   -0.0473203    -0.015133   -0.0764006   -0.0744586   -0.0823948    -0.101363    -0.136553    -0.143859   -0.0983315     -0.12171     -0.15067    -0.174987    -0.183752    -0.202949   -0.0702759    0.0599955     0.895948     0.599038    -0.611726    -0.462317   -0.0898161   -0.0191997    -0.043443     0.203812   -0.0885833
(NM) 4380: f = 275470 at  2.62989e-05     0.276982      0.23165      1.15227 -0.000477097   -0.0298227   -0.0473203    -0.015133   -0.0764006   -0.0744586   -0.0823948    -0.101363    -0.136553    -0.143859   -0.0983315     -0.12171     -0.15067    -0.174987    -0.183752    -0.202949   -0.0702759    0.0599955     0.895948     0.599038    -0.611726    -0.462317   -0.0898161   -0.0191997    -0.043443     0.203812   -0.0885833
(NM) 4400: f = 275470 at  2.63055e-05     0.276981      0.23165      1.15227 -0.000478407   -0.0298244   -0.0473208   -0.0151329   -0.0764002   -0.0744586    -0.082396    -0.101364    -0.136549    -0.143862   -0.0983338     -0.12171     -0.15067    -0.174988    -0.183754    -0.202949   -0.0702746    0.0599965     0.895948     0.599037    -0.611726    -0.462318   -0.0898158   -0.0191998   -0.0434494     0.203802   -0.0885938
(NM) 4420: f = 275470 at  2.63055e-05     0.276981      0.23165      1.15227 -0.000478407   -0.0298244   -0.0473208   -0.0151329   -0.0764002   -0.0744586    -0.082396    -0.101364    -0.136549    -0.143862   -0.0983338     -0.12171     -0.15067    -0.174988    -0.183754    -0.202949   -0.0702746    0.0599965     0.895948     0.599037    -0.611726    -0.462318   -0.0898158   -0.0191998   -0.0434494     0.203802   -0.0885938
(NM) 4440: f = 275470 at  2.63055e-05     0.276981      0.23165      1.15227 -0.000478407   -0.0298244   -0.0473208   -0.0151329   -0.0764002   -0.0744586    -0.082396    -0.101364    -0.136549    -0.143862   -0.0983338     -0.12171     -0.15067    -0.174988    -0.183754    -0.202949   -0.0702746    0.0599965     0.895948     0.599037    -0.611726    -0.462318   -0.0898158   -0.0191998   -0.0434494     0.203802   -0.0885938
(NM) 4460: f = 275470 at  2.63055e-05     0.276981      0.23165      1.15227 -0.000478407   -0.0298244   -0.0473208   -0.0151329   -0.0764002   -0.0744586    -0.082396    -0.101364    -0.136549    -0.143862   -0.0983338     -0.12171     -0.15067    -0.174988    -0.183754    -0.202949   -0.0702746    0.0599965     0.895948     0.599037    -0.611726    -0.462318   -0.0898158   -0.0191998   -0.0434494     0.203802   -0.0885938
(NM) 4480: f = 275470 at  2.63037e-05     0.276982      0.23165      1.15227 -0.000476889   -0.0298254    -0.047321   -0.0151332   -0.0764012   -0.0744581   -0.0823959    -0.101365     -0.13655    -0.143864   -0.0983351    -0.121712    -0.150669    -0.174988    -0.183753     -0.20295   -0.0702747    0.0599963     0.895947     0.599036    -0.611725    -0.462317   -0.0898158   -0.0191974   -0.0434364     0.203802   -0.0885837
(NM) 4500: f = 275470 at  2.63018e-05     0.276982      0.23165      1.15227 -0.000474993   -0.0298238     -0.04732   -0.0151333   -0.0764003   -0.0744567   -0.0823942    -0.101364    -0.136552    -0.143861    -0.098333    -0.121713    -0.150669    -0.174988    -0.183754    -0.202949   -0.0702753    0.0599957     0.895948     0.599036    -0.611726    -0.462316    -0.089816   -0.0192009   -0.0434418     0.203803   -0.0885791
Generalized linear mixed model fit by maximum likelihood (Laplace
  Approximation) [glmerMod]
 Family: poisson  ( log )
Formula: gs ~ year + field + d_div + o_div + game_length + (1 | offense) +  
    (1 | defense) + (1 | game_id)
   Data: g
      AIC       BIC    logLik  deviance  df.resid 
 275532.4  275816.0 -137735.2  275470.4     69631 
Random effects:
 Groups  Name        Std.Dev. 
 game_id (Intercept) 0.0000263
 defense (Intercept) 0.2769816
 offense (Intercept) 0.2316501
Number of obs: 69662, groups:  game_id, 34831; defense, 2264; offense, 2264
Fixed Effects:
      (Intercept)           year2000           year2001           year2002  
         1.152267          -0.000475          -0.029824          -0.047320  
         year2003           year2004           year2005           year2006  
        -0.015133          -0.076400          -0.074457          -0.082394  
         year2007           year2008           year2009           year2010  
        -0.101364          -0.136552          -0.143861          -0.098333  
         year2011           year2012           year2013           year2014  
        -0.121713          -0.150669          -0.174988          -0.183754  
         year2015  fielddefense_home  fieldoffense_home             d_div2  
        -0.202949          -0.070275           0.059996           0.895948  
           d_div3             o_div2             o_div3    game_length1 OT  
         0.599036          -0.611726          -0.462316          -0.089816  
  game_length2 OT    game_length3 OT    game_length4 OT    game_length5 OT  
        -0.019201          -0.043442           0.203803          -0.088579  
Generalized linear mixed model fit by maximum likelihood (Laplace
  Approximation) [glmerMod]
 Family: poisson  ( log )
Formula: gs ~ year + field + d_div + o_div + game_length + (1 | offense) +  
    (1 | defense) + (1 | game_id)
   Data: g

      AIC       BIC    logLik  deviance  df.resid 
 275532.4  275816.0 -137735.2  275470.4     69631 

Scaled residuals: 
    Min      1Q  Median      3Q     Max 
-2.4697 -0.7045 -0.0860  0.5852  4.6559 

Random effects:
 Groups  Name        Variance  Std.Dev. 
 game_id (Intercept) 6.918e-10 0.0000263
 defense (Intercept) 7.672e-02 0.2769816
 offense (Intercept) 5.366e-02 0.2316501
Number of obs: 69662, groups:  game_id, 34831; defense, 2264; offense, 2264

Fixed effects:
                   Estimate Std. Error z value Pr(>|z|)    
(Intercept)        1.152267   0.036041   31.97  < 2e-16 ***
year2000          -0.000475   0.047538   -0.01 0.992028    
year2001          -0.029824   0.047629   -0.63 0.531201    
year2002          -0.047320   0.046965   -1.01 0.313662    
year2003          -0.015133   0.046760   -0.32 0.746214    
year2004          -0.076400   0.046993   -1.63 0.103996    
year2005          -0.074457   0.047490   -1.57 0.116921    
year2006          -0.082394   0.047009   -1.75 0.079644 .  
year2007          -0.101364   0.046864   -2.16 0.030545 *  
year2008          -0.136552   0.046717   -2.92 0.003467 ** 
year2009          -0.143861   0.046731   -3.08 0.002080 ** 
year2010          -0.098333   0.046699   -2.11 0.035232 *  
year2011          -0.121713   0.046802   -2.60 0.009307 ** 
year2012          -0.150669   0.046825   -3.22 0.001292 ** 
year2013          -0.174988   0.046603   -3.75 0.000173 ***
year2014          -0.183754   0.046615   -3.94 8.08e-05 ***
year2015          -0.202949   0.046510   -4.36 1.28e-05 ***
fielddefense_home -0.070275   0.009866   -7.12 1.06e-12 ***
fieldoffense_home  0.059996   0.009785    6.13 8.70e-10 ***
d_div2             0.895948   0.049027   18.27  < 2e-16 ***
d_div3             0.599036   0.041708   14.36  < 2e-16 ***
o_div2            -0.611726   0.046824  -13.06  < 2e-16 ***
o_div3            -0.462316   0.041191  -11.22  < 2e-16 ***
game_length1 OT   -0.089816   0.006222  -14.43  < 2e-16 ***
game_length2 OT   -0.019201   0.050613   -0.38 0.704416    
game_length3 OT   -0.043442   0.122824   -0.35 0.723571    
game_length4 OT    0.203803   0.214199    0.95 0.341368    
game_length5 OT   -0.088579   0.246716   -0.36 0.719571    
---
Signif. codes:  0 *** 0.001 ** 0.01 * 0.05 . 0.1   1
[1] TRUE
