BEGIN
 year | t_div | o_div | won | lost | tied | count 
------+-------+-------+-----+------+------+-------
 1999 |     1 |     1 | 198 |  198 |   34 |   430
 1999 |     1 |     3 |  77 |   56 |   13 |   146
 1999 |     3 |     3 | 103 |  103 |    6 |   212
 2000 |     1 |     1 | 367 |  367 |   50 |   784
 2000 |     1 |     3 | 114 |   28 |    7 |   149
 2000 |     3 |     3 | 151 |  151 |   22 |   328
 2001 |     1 |     1 | 390 |  390 |   58 |   838
 2001 |     1 |     2 |   2 |    0 |    0 |     2
 2001 |     1 |     3 |  67 |   56 |   11 |   134
 2001 |     2 |     3 |   0 |    6 |    0 |     6
 2001 |     3 |     3 | 240 |  240 |   22 |   502
 2002 |     1 |     1 | 412 |  412 |   76 |   900
 2002 |     1 |     2 |   8 |    0 |    0 |     8
 2002 |     1 |     3 |  54 |   34 |    8 |    96
 2002 |     2 |     3 |   2 |   14 |    0 |    16
 2002 |     3 |     3 | 406 |  406 |   42 |   858
 2003 |     1 |     1 | 425 |  425 |   72 |   922
 2003 |     1 |     2 |  10 |    0 |    0 |    10
 2003 |     1 |     3 |  68 |   28 |    6 |   102
 2003 |     2 |     3 |   4 |   14 |    0 |    18
 2003 |     3 |     3 | 408 |  408 |   78 |   894
 2004 |     1 |     1 | 466 |  466 |   82 |  1016
 2004 |     1 |     2 |   8 |    0 |    0 |     8
 2004 |     1 |     3 |  46 |   36 |    6 |    88
 2004 |     2 |     3 |   3 |   16 |    1 |    20
 2004 |     3 |     3 | 432 |  432 |   44 |   908
 2005 |     1 |     1 | 459 |  459 |   96 |  1014
 2005 |     1 |     2 |  10 |   10 |    0 |    20
 2005 |     1 |     3 |  36 |   28 |    4 |    68
 2005 |     2 |     2 |   3 |    3 |    0 |     6
 2005 |     2 |     3 |  19 |   15 |    1 |    35
 2005 |     3 |     3 | 436 |  436 |   60 |   936
 2006 |     1 |     1 | 502 |  502 |  104 |  1108
 2006 |     1 |     2 |  16 |    8 |    0 |    24
 2006 |     1 |     3 |  32 |   26 |    6 |    64
 2006 |     2 |     2 |   2 |    2 |    0 |     4
 2006 |     2 |     3 |  18 |   19 |    0 |    37
 2006 |     3 |     3 | 433 |  433 |   64 |   934
 2007 |     1 |     1 | 519 |  519 |   88 |  1126
 2007 |     1 |     2 |   6 |    8 |    0 |    14
 2007 |     1 |     3 |  36 |   18 |    6 |    60
 2007 |     2 |     2 |   3 |    3 |    0 |     6
 2007 |     2 |     3 |  21 |   19 |    0 |    40
 2007 |     3 |     3 | 448 |  448 |   90 |   986
 2008 |     1 |     1 | 509 |  509 |  114 |  1132
 2008 |     1 |     2 |   8 |    4 |    2 |    16
 2008 |     1 |     3 |  40 |   24 |    2 |    66
 2008 |     2 |     2 |   3 |    3 |    0 |     6
 2008 |     2 |     3 |  26 |   11 |    1 |    38
 2008 |     3 |     3 | 496 |  496 |   88 |  1082
 2009 |     1 |     1 | 522 |  522 |  120 |  1164
 2009 |     1 |     2 |  12 |    2 |    0 |    14
 2009 |     1 |     3 |  58 |   10 |    6 |    74
 2009 |     2 |     2 |   3 |    3 |    0 |     6
 2009 |     2 |     3 |  18 |   18 |    5 |    41
 2009 |     3 |     3 | 522 |  522 |   90 |  1134
 2010 |     1 |     1 | 497 |  497 |  164 |  1158
 2010 |     1 |     2 |  14 |    4 |    2 |    20
 2010 |     1 |     3 |  40 |   18 |    6 |    64
 2010 |     2 |     2 |   1 |    1 |    0 |     2
 2010 |     2 |     3 |  15 |   23 |    2 |    40
 2010 |     3 |     3 | 530 |  530 |  100 |  1162
 2011 |     1 |     1 | 520 |  520 |  116 |  1156
 2011 |     1 |     2 |   6 |    8 |    2 |    16
 2011 |     1 |     3 |  38 |   32 |    0 |    70
 2011 |     2 |     2 |   3 |    3 |    0 |     6
 2011 |     2 |     3 |  19 |   19 |    2 |    40
 2011 |     3 |     3 | 542 |  542 |  114 |  1198
 2012 |     1 |     1 | 520 |  520 |  106 |  1146
 2012 |     1 |     2 |  16 |    8 |    0 |    24
 2012 |     1 |     3 |  52 |   22 |    8 |    82
 2012 |     2 |     2 |   1 |    1 |    0 |     2
 2012 |     2 |     3 |  18 |   19 |    2 |    39
 2012 |     3 |     3 | 539 |  539 |  118 |  1196
 2013 |     1 |     1 | 550 |  550 |   98 |  1198
 2013 |     1 |     2 |  16 |    6 |    2 |    24
 2013 |     1 |     3 |  46 |   14 |   12 |    72
 2013 |     2 |     2 |   6 |    6 |    0 |    12
 2013 |     2 |     3 |  21 |   25 |    4 |    50
 2013 |     3 |     3 | 551 |  551 |  100 |  1202
 2014 |     1 |     1 | 548 |  548 |  114 |  1210
 2014 |     1 |     2 |   4 |   14 |    6 |    24
 2014 |     1 |     3 |  32 |   26 |   10 |    68
 2014 |     2 |     2 |   6 |    6 |    0 |    12
 2014 |     2 |     3 |  32 |   18 |    3 |    53
 2014 |     3 |     3 | 572 |  572 |  112 |  1256
 2015 |     1 |     1 | 552 |  552 |  118 |  1222
 2015 |     1 |     2 |  14 |   10 |    2 |    26
 2015 |     1 |     3 |  30 |   26 |   10 |    66
 2015 |     2 |     2 |   9 |    9 |    0 |    18
 2015 |     2 |     3 |  29 |   16 |    3 |    49
 2015 |     3 |     3 | 579 |  579 |  122 |  1280
 2016 |     1 |     1 | 534 |  534 |  114 |  1182
 2016 |     1 |     2 |  16 |   10 |    2 |    28
 2016 |     1 |     3 |  52 |   16 |    2 |    70
 2016 |     2 |     2 |   9 |    9 |    0 |    18
 2016 |     2 |     3 |  30 |   16 |    2 |    49
 2016 |     3 |     3 | 660 |  660 |  110 |  1440
(98 rows)

COMMIT
