BEGIN
CREATE TABLE
INSERT 0 98
 rk |          school           | div |  str   |  ofs  |  dfs  |  sos  
----+---------------------------+-----+--------+-------+-------+-------
  1 | wisconsin                 | D1  | 20.279 | 3.481 | 0.172 | 2.013
  2 | minnesota                 | D1  | 16.623 | 4.519 | 0.272 | 2.147
  3 | boston-college            | D1  | 16.278 | 4.259 | 0.262 | 1.796
  4 | quinnipiac                | D1  | 12.209 | 2.672 | 0.219 | 1.832
  5 | quinnipiac                | D1  | 12.209 | 2.672 | 0.219 | 1.832
  6 | clarkson                  | D1  | 10.490 | 3.109 | 0.296 | 1.887
  7 | north-dakota              | D1  |  7.461 | 2.335 | 0.313 | 2.187
  8 | northeastern              | D1  |  7.120 | 3.516 | 0.494 | 1.840
  9 | princeton                 | D1  |  6.780 | 2.780 | 0.410 | 1.843
 10 | harvard                   | D1  |  6.193 | 2.250 | 0.363 | 1.956
 11 | bemidji-state             | D1  |  5.450 | 1.993 | 0.366 | 2.145
 12 | mercyhurst                | D1  |  5.246 | 2.376 | 0.453 | 1.869
 13 | minnesota-duluth          | D1  |  5.227 | 2.647 | 0.506 | 2.326
 14 | plattsburgh               | D3  |  5.072 | 2.141 | 0.422 | 0.938
 15 | colgate                   | D1  |  5.044 | 2.562 | 0.508 | 1.836
 16 | syracuse                  | D1  |  5.018 | 2.388 | 0.476 | 1.812
 17 | boston-university         | D1  |  5.006 | 3.064 | 0.612 | 1.886
 18 | st-lawrence               | D1  |  4.688 | 2.398 | 0.511 | 1.998
 19 | cornell                   | D1  |  4.193 | 2.291 | 0.546 | 2.001
 20 | robert-morris             | D1  |  3.931 | 2.498 | 0.635 | 1.732
 21 | connecticut               | D1  |  3.858 | 1.917 | 0.497 | 1.868
 22 | yale                      | D1  |  3.774 | 2.380 | 0.631 | 1.992
 23 | penn-state                | D1  |  3.394 | 1.511 | 0.445 | 1.775
 24 | rensselaer                | D1  |  3.382 | 1.727 | 0.511 | 1.908
 25 | dartmouth                 | D1  |  3.271 | 1.753 | 0.536 | 1.955
 26 | st-cloud-state            | D1  |  3.199 | 1.970 | 0.616 | 2.276
 27 | new-hampshire             | D1  |  3.051 | 1.944 | 0.637 | 1.887
 28 | lindenwood                | D1  |  2.807 | 1.581 | 0.563 | 1.853
 29 | maine                     | D1  |  2.548 | 1.485 | 0.583 | 1.840
 30 | minnesota-state           | D1  |  2.530 | 1.658 | 0.655 | 2.220
 31 | vermont                   | D1  |  2.483 | 1.521 | 0.612 | 1.888
 32 | providence                | D1  |  2.350 | 1.697 | 0.722 | 1.861
 33 | adrian                    | D3  |  2.228 | 1.539 | 0.690 | 0.871
 34 | amherst                   | D3  |  2.155 | 1.565 | 0.726 | 0.946
 35 | merrimack                 | D1  |  1.993 | 1.418 | 0.712 | 1.832
 36 | elmira                    | D3  |  1.935 | 1.542 | 0.797 | 0.981
 37 | middlebury                | D3  |  1.853 | 1.263 | 0.681 | 1.042
 38 | wisconsin-river-falls     | D3  |  1.822 | 1.523 | 0.836 | 0.933
 39 | lake-forest               | D3  |  1.816 | 1.338 | 0.737 | 0.816
 40 | rit                       | D1  |  1.720 | 1.241 | 0.722 | 1.698
 41 | st-anselm                 | D2  |  1.662 | 1.442 | 0.867 | 0.863
 42 | norwich                   | D3  |  1.532 | 0.967 | 0.631 | 0.879
 43 | holy-cross                | D1  |  1.390 | 1.445 | 1.040 | 0.765
 44 | brown                     | D1  |  1.332 | 1.168 | 0.877 | 1.764
 45 | connecticut-college       | D3  |  1.329 | 0.967 | 0.727 | 0.903
 46 | utica                     | D3  |  1.205 | 1.050 | 0.872 | 0.889
 47 | union                     | D1  |  1.123 | 0.773 | 0.689 | 1.809
 48 | st-thomas                 | D3  |  1.091 | 1.041 | 0.954 | 0.859
 49 | trinity                   | D3  |  1.080 | 1.172 | 1.085 | 0.884
 50 | franklin-pierce           | D2  |  1.064 | 0.952 | 0.895 | 0.710
 51 | wisconsin-stevens-point   | D3  |  1.035 | 1.122 | 1.085 | 0.961
 52 | st-norbert                | D3  |  0.943 | 0.865 | 0.917 | 0.882
 53 | wisconsin-eau-claire      | D3  |  0.904 | 0.800 | 0.885 | 0.914
 54 | williams                  | D3  |  0.851 | 0.836 | 0.982 | 0.967
 55 | gustavus-adolphus         | D3  |  0.823 | 1.069 | 1.299 | 0.877
 56 | st-scholastica            | D3  |  0.817 | 0.978 | 1.196 | 0.959
 57 | castleton                 | D3  |  0.809 | 0.884 | 1.092 | 0.854
 58 | augsburg                  | D3  |  0.806 | 0.926 | 1.148 | 0.828
 59 | hamilton                  | D3  |  0.794 | 0.730 | 0.919 | 0.888
 60 | bethel                    | D3  |  0.792 | 0.833 | 1.052 | 0.844
 61 | buffalo-state             | D3  |  0.781 | 0.828 | 1.061 | 0.775
 62 | umass-boston              | D3  |  0.770 | 0.798 | 1.036 | 0.788
 63 | oswego                    | D3  |  0.736 | 0.853 | 1.159 | 0.897
 64 | wisconsin-superior        | D3  |  0.716 | 0.847 | 1.182 | 0.889
 65 | bowdoin                   | D3  |  0.712 | 0.955 | 1.342 | 0.998
 66 | stevenson                 | D3  |  0.690 | 0.755 | 1.095 | 0.545
 67 | colby                     | D3  |  0.672 | 0.926 | 1.377 | 0.963
 68 | concordia-mn              | D3  |  0.667 | 0.875 | 1.311 | 0.844
 69 | st-marys                  | D3  |  0.658 | 0.735 | 1.117 | 0.855
 70 | concordia-wi              | D3  |  0.585 | 0.837 | 1.431 | 0.844
 71 | university-of-new-england | D3  |  0.549 | 0.691 | 1.258 | 0.687
 72 | salve-regina              | D3  |  0.532 | 0.865 | 1.628 | 0.740
 73 | william-smith             | D3  |  0.513 | 0.852 | 1.661 | 0.892
 74 | sacred-heart              | D1  |  0.507 | 0.697 | 1.374 | 0.659
 75 | endicott                  | D3  |  0.487 | 0.539 | 1.107 | 0.546
 76 | cortland                  | D3  |  0.482 | 0.657 | 1.363 | 0.802
 77 | st-catherine              | D3  |  0.469 | 0.480 | 1.022 | 0.854
 78 | chatham                   | D3  |  0.469 | 0.636 | 1.357 | 0.847
 79 | potsdam                   | D3  |  0.469 | 0.739 | 1.576 | 0.806
 80 | wesleyan                  | D3  |  0.430 | 0.672 | 1.561 | 0.896
 81 | hamline                   | D3  |  0.427 | 0.673 | 1.578 | 0.813
 82 | marian                    | D3  |  0.399 | 0.619 | 1.548 | 0.878
 83 | st-benedict               | D3  |  0.367 | 0.642 | 1.748 | 0.833
 84 | manhattanville            | D3  |  0.363 | 0.673 | 1.855 | 0.808
 85 | st-olaf                   | D3  |  0.348 | 0.640 | 1.838 | 0.857
 86 | neumann                   | D3  |  0.339 | 0.615 | 1.816 | 0.860
 87 | plymouth-state            | D3  |  0.337 | 0.559 | 1.657 | 0.721
 88 | southern-maine            | D3  |  0.321 | 0.457 | 1.422 | 0.822
 89 | morrisville               | D3  |  0.318 | 0.514 | 1.619 | 0.588
 90 | new-england-college       | D3  |  0.219 | 0.400 | 1.823 | 0.649
 91 | st-michaels               | D2  |  0.213 | 0.453 | 2.131 | 0.814
 92 | canton                    | D3  |  0.200 | 0.474 | 2.371 | 0.600
 93 | becker                    | D3  |  0.175 | 0.425 | 2.429 | 0.582
 94 | finlandia                 | D3  |  0.122 | 0.363 | 2.974 | 0.917
 95 | nichols                   | D3  |  0.106 | 0.297 | 2.808 | 0.771
 96 | salem-state               | D3  |  0.101 | 0.318 | 3.167 | 0.565
 97 | johnson-and-wales         | D3  |  0.073 | 0.281 | 3.855 | 0.555
 98 | daniel-webster            | D3  |  0.026 | 0.235 | 9.178 | 0.567
(98 rows)

COPY 98
COMMIT
