 year | e_home_wins | home_wins 
------+-------------+-----------
 2008 |       46.88 |        50
 2009 |       48.09 |        52
 2010 |       48.91 |        46
 2011 |       48.79 |        48
 2012 |       46.97 |        39
 2013 |       47.89 |        59
 2014 |       51.15 |        56
 2015 |       49.49 |        51
 2016 |       50.61 |        46
 2017 |       48.08 |        47
(10 rows)

 year | model | naive | diff | count 
------+-------+-------+------+-------
 2008 |  0.67 |  0.59 | 0.08 |    85
 2009 |  0.67 |  0.60 | 0.07 |    87
 2010 |  0.64 |  0.52 | 0.12 |    89
 2011 |  0.64 |  0.54 | 0.10 |    89
 2012 |  0.65 |  0.45 | 0.20 |    86
 2013 |  0.71 |  0.69 | 0.02 |    86
 2014 |  0.67 |  0.60 | 0.06 |    93
 2015 |  0.60 |  0.57 | 0.02 |    89
 2016 |  0.60 |  0.51 | 0.10 |    91
 2017 |  0.61 |  0.54 | 0.07 |    87
(10 rows)

 model | naive | diff | count 
-------+-------+------+-------
  0.65 |  0.56 | 0.09 |   795
(1 row)

